id_customer_main,customer,customer_day
,,
ci_176,โดยปกติแล้วเวลา 06:00 จะมีลูกค้าประมาณ 0% เทียบกับช่วงเวลาที่มีลูกค้ามากที่สุด,วันอาทิตย์
ci_176,โดยปกติแล้วเวลา 07:00 จะมีลูกค้าประมาณ 0% เทียบกับช่วงเวลาที่มีลูกค้ามากที่สุด,วันอาทิตย์
ci_176,โดยปกติแล้วเวลา 08:00 จะมีลูกค้าประมาณ 0% เทียบกับช่วงเวลาที่มีลูกค้ามากที่สุด,วันอาทิตย์
ci_176,โดยปกติแล้วเวลา 09:00 จะมีลูกค้าประมาณ 0% เทียบกับช่วงเวลาที่มีลูกค้ามากที่สุด,วันอาทิตย์
ci_176,โดยปกติแล้วเวลา 10:00 จะมีลูกค้าประมาณ 0% เทียบกับช่วงเวลาที่มีลูกค้ามากที่สุด,วันอาทิตย์
ci_176,โดยปกติแล้วเวลา 11:00 จะมีลูกค้าประมาณ 0% เทียบกับช่วงเวลาที่มีลูกค้ามากที่สุด,วันอาทิตย์
ci_176,โดยปกติแล้วเวลา 12:00 จะมีลูกค้าประมาณ 48% เทียบกับช่วงเวลาที่มีลูกค้ามากที่สุด,วันอาทิตย์
ci_176,โดยปกติแล้วเวลา 13:00 จะมีลูกค้าประมาณ 61% เทียบกับช่วงเวลาที่มีลูกค้ามากที่สุด,วันอาทิตย์
ci_176,โดยปกติแล้วเวลา 14:00 จะมีลูกค้าประมาณ 63% เทียบกับช่วงเวลาที่มีลูกค้ามากที่สุด,วันอาทิตย์
ci_176,โดยปกติแล้วเวลา 15:00 จะมีลูกค้าประมาณ 55% เทียบกับช่วงเวลาที่มีลูกค้ามากที่สุด,วันอาทิตย์
ci_176,โดยปกติแล้วเวลา 16:00 จะมีลูกค้าประมาณ 58% เทียบกับช่วงเวลาที่มีลูกค้ามากที่สุด,วันอาทิตย์
ci_176,โดยปกติแล้วเวลา 17:00 จะมีลูกค้าประมาณ 68% เทียบกับช่วงเวลาที่มีลูกค้ามากที่สุด,วันอาทิตย์
ci_176,โดยปกติแล้วเวลา 18:00 จะมีลูกค้าประมาณ 79% เทียบกับช่วงเวลาที่มีลูกค้ามากที่สุด,วันอาทิตย์
ci_176,โดยปกติแล้วเวลา 19:00 จะมีลูกค้าประมาณ 84% เทียบกับช่วงเวลาที่มีลูกค้ามากที่สุด,วันอาทิตย์
ci_176,โดยปกติแล้วเวลา 20:00 จะมีลูกค้าประมาณ 81% เทียบกับช่วงเวลาที่มีลูกค้ามากที่สุด,วันอาทิตย์
ci_176,โดยปกติแล้วเวลา 21:00 จะมีลูกค้าประมาณ 69% เทียบกับช่วงเวลาที่มีลูกค้ามากที่สุด,วันอาทิตย์
ci_176,โดยปกติแล้วเวลา 22:00 จะมีลูกค้าประมาณ 52% เทียบกับช่วงเวลาที่มีลูกค้ามากที่สุด,วันอาทิตย์
ci_176,โดยปกติแล้วเวลา 23:00 จะมีลูกค้าประมาณ 34% เทียบกับช่วงเวลาที่มีลูกค้ามากที่สุด,วันอาทิตย์
ci_176,โดยปกติแล้วเวลา 06:00 จะมีลูกค้าประมาณ 0% เทียบกับช่วงเวลาที่มีลูกค้ามากที่สุด,วันจันทร์
ci_176,โดยปกติแล้วเวลา 07:00 จะมีลูกค้าประมาณ 0% เทียบกับช่วงเวลาที่มีลูกค้ามากที่สุด,วันจันทร์
ci_176,โดยปกติแล้วเวลา 08:00 จะมีลูกค้าประมาณ 0% เทียบกับช่วงเวลาที่มีลูกค้ามากที่สุด,วันจันทร์
ci_176,โดยปกติแล้วเวลา 09:00 จะมีลูกค้าประมาณ 0% เทียบกับช่วงเวลาที่มีลูกค้ามากที่สุด,วันจันทร์
ci_176,โดยปกติแล้วเวลา 10:00 จะมีลูกค้าประมาณ 0% เทียบกับช่วงเวลาที่มีลูกค้ามากที่สุด,วันจันทร์
ci_176,โดยปกติแล้วเวลา 11:00 จะมีลูกค้าประมาณ 0% เทียบกับช่วงเวลาที่มีลูกค้ามากที่สุด,วันจันทร์
ci_176,โดยปกติแล้วเวลา 12:00 จะมีลูกค้าประมาณ 36% เทียบกับช่วงเวลาที่มีลูกค้ามากที่สุด,วันจันทร์
ci_176,โดยปกติแล้วเวลา 13:00 จะมีลูกค้าประมาณ 41% เทียบกับช่วงเวลาที่มีลูกค้ามากที่สุด,วันจันทร์
ci_176,โดยปกติแล้วเวลา 14:00 จะมีลูกค้าประมาณ 37% เทียบกับช่วงเวลาที่มีลูกค้ามากที่สุด,วันจันทร์
ci_176,โดยปกติแล้วเวลา 15:00 จะมีลูกค้าประมาณ 39% เทียบกับช่วงเวลาที่มีลูกค้ามากที่สุด,วันจันทร์
ci_176,โดยปกติแล้วเวลา 16:00 จะมีลูกค้าประมาณ 48% เทียบกับช่วงเวลาที่มีลูกค้ามากที่สุด,วันจันทร์
ci_176,โดยปกติแล้วเวลา 17:00 จะมีลูกค้าประมาณ 58% เทียบกับช่วงเวลาที่มีลูกค้ามากที่สุด,วันจันทร์
ci_176,โดยปกติแล้วเวลา 18:00 จะมีลูกค้าประมาณ 70% เทียบกับช่วงเวลาที่มีลูกค้ามากที่สุด,วันจันทร์
ci_176,โดยปกติแล้วเวลา 19:00 จะมีลูกค้าประมาณ 80% เทียบกับช่วงเวลาที่มีลูกค้ามากที่สุด,วันจันทร์
ci_176,โดยปกติแล้วเวลา 20:00 จะมีลูกค้าประมาณ 79% เทียบกับช่วงเวลาที่มีลูกค้ามากที่สุด,วันจันทร์
ci_176,โดยปกติแล้วเวลา 21:00 จะมีลูกค้าประมาณ 69% เทียบกับช่วงเวลาที่มีลูกค้ามากที่สุด,วันจันทร์
ci_176,โดยปกติแล้วเวลา 22:00 จะมีลูกค้าประมาณ 47% เทียบกับช่วงเวลาที่มีลูกค้ามากที่สุด,วันจันทร์
ci_176,โดยปกติแล้วเวลา 23:00 จะมีลูกค้าประมาณ 26% เทียบกับช่วงเวลาที่มีลูกค้ามากที่สุด,วันจันทร์
ci_176,โดยปกติแล้วเวลา 06:00 จะมีลูกค้าประมาณ 0% เทียบกับช่วงเวลาที่มีลูกค้ามากที่สุด,วันอังคาร
ci_176,โดยปกติแล้วเวลา 07:00 จะมีลูกค้าประมาณ 0% เทียบกับช่วงเวลาที่มีลูกค้ามากที่สุด,วันอังคาร
ci_176,โดยปกติแล้วเวลา 08:00 จะมีลูกค้าประมาณ 0% เทียบกับช่วงเวลาที่มีลูกค้ามากที่สุด,วันอังคาร
ci_176,โดยปกติแล้วเวลา 09:00 จะมีลูกค้าประมาณ 0% เทียบกับช่วงเวลาที่มีลูกค้ามากที่สุด,วันอังคาร
ci_176,โดยปกติแล้วเวลา 10:00 จะมีลูกค้าประมาณ 0% เทียบกับช่วงเวลาที่มีลูกค้ามากที่สุด,วันอังคาร
ci_176,โดยปกติแล้วเวลา 11:00 จะมีลูกค้าประมาณ 0% เทียบกับช่วงเวลาที่มีลูกค้ามากที่สุด,วันอังคาร
ci_176,โดยปกติแล้วเวลา 12:00 จะมีลูกค้าประมาณ 53% เทียบกับช่วงเวลาที่มีลูกค้ามากที่สุด,วันอังคาร
ci_176,โดยปกติแล้วเวลา 13:00 จะมีลูกค้าประมาณ 57% เทียบกับช่วงเวลาที่มีลูกค้ามากที่สุด,วันอังคาร
ci_176,โดยปกติแล้วเวลา 14:00 จะมีลูกค้าประมาณ 48% เทียบกับช่วงเวลาที่มีลูกค้ามากที่สุด,วันอังคาร
ci_176,โดยปกติแล้วเวลา 15:00 จะมีลูกค้าประมาณ 39% เทียบกับช่วงเวลาที่มีลูกค้ามากที่สุด,วันอังคาร
ci_176,โดยปกติแล้วเวลา 16:00 จะมีลูกค้าประมาณ 44% เทียบกับช่วงเวลาที่มีลูกค้ามากที่สุด,วันอังคาร
ci_176,โดยปกติแล้วเวลา 17:00 จะมีลูกค้าประมาณ 61% เทียบกับช่วงเวลาที่มีลูกค้ามากที่สุด,วันอังคาร
ci_176,โดยปกติแล้วเวลา 18:00 จะมีลูกค้าประมาณ 74% เทียบกับช่วงเวลาที่มีลูกค้ามากที่สุด,วันอังคาร
ci_176,โดยปกติแล้วเวลา 19:00 จะมีลูกค้าประมาณ 82% เทียบกับช่วงเวลาที่มีลูกค้ามากที่สุด,วันอังคาร
ci_176,โดยปกติแล้วเวลา 20:00 จะมีลูกค้าประมาณ 77% เทียบกับช่วงเวลาที่มีลูกค้ามากที่สุด,วันอังคาร
ci_176,โดยปกติแล้วเวลา 21:00 จะมีลูกค้าประมาณ 65% เทียบกับช่วงเวลาที่มีลูกค้ามากที่สุด,วันอังคาร
ci_176,โดยปกติแล้วเวลา 22:00 จะมีลูกค้าประมาณ 45% เทียบกับช่วงเวลาที่มีลูกค้ามากที่สุด,วันอังคาร
ci_176,โดยปกติแล้วเวลา 23:00 จะมีลูกค้าประมาณ 26% เทียบกับช่วงเวลาที่มีลูกค้ามากที่สุด,วันอังคาร
ci_176,โดยปกติแล้วเวลา 06:00 จะมีลูกค้าประมาณ 0% เทียบกับช่วงเวลาที่มีลูกค้ามากที่สุด,วันพุธ
ci_176,โดยปกติแล้วเวลา 07:00 จะมีลูกค้าประมาณ 0% เทียบกับช่วงเวลาที่มีลูกค้ามากที่สุด,วันพุธ
ci_176,โดยปกติแล้วเวลา 08:00 จะมีลูกค้าประมาณ 0% เทียบกับช่วงเวลาที่มีลูกค้ามากที่สุด,วันพุธ
ci_176,โดยปกติแล้วเวลา 09:00 จะมีลูกค้าประมาณ 0% เทียบกับช่วงเวลาที่มีลูกค้ามากที่สุด,วันพุธ
ci_176,โดยปกติแล้วเวลา 10:00 จะมีลูกค้าประมาณ 0% เทียบกับช่วงเวลาที่มีลูกค้ามากที่สุด,วันพุธ
ci_176,โดยปกติแล้วเวลา 11:00 จะมีลูกค้าประมาณ 0% เทียบกับช่วงเวลาที่มีลูกค้ามากที่สุด,วันพุธ
ci_176,โดยปกติแล้วเวลา 12:00 จะมีลูกค้าประมาณ 50% เทียบกับช่วงเวลาที่มีลูกค้ามากที่สุด,วันพุธ
ci_176,โดยปกติแล้วเวลา 13:00 จะมีลูกค้าประมาณ 57% เทียบกับช่วงเวลาที่มีลูกค้ามากที่สุด,วันพุธ
ci_176,โดยปกติแล้วเวลา 14:00 จะมีลูกค้าประมาณ 55% เทียบกับช่วงเวลาที่มีลูกค้ามากที่สุด,วันพุธ
ci_176,โดยปกติแล้วเวลา 15:00 จะมีลูกค้าประมาณ 55% เทียบกับช่วงเวลาที่มีลูกค้ามากที่สุด,วันพุธ
ci_176,โดยปกติแล้วเวลา 16:00 จะมีลูกค้าประมาณ 61% เทียบกับช่วงเวลาที่มีลูกค้ามากที่สุด,วันพุธ
ci_176,โดยปกติแล้วเวลา 17:00 จะมีลูกค้าประมาณ 72% เทียบกับช่วงเวลาที่มีลูกค้ามากที่สุด,วันพุธ
ci_176,โดยปกติแล้วเวลา 18:00 จะมีลูกค้าประมาณ 89% เทียบกับช่วงเวลาที่มีลูกค้ามากที่สุด,วันพุธ
ci_176,โดยปกติแล้วเวลา 19:00 จะมีลูกค้าประมาณ 100% เทียบกับช่วงเวลาที่มีลูกค้ามากที่สุด,วันพุธ
ci_176,โดยปกติแล้วเวลา 20:00 จะมีลูกค้าประมาณ 93% เทียบกับช่วงเวลาที่มีลูกค้ามากที่สุด,วันพุธ
ci_176,โดยปกติแล้วเวลา 21:00 จะมีลูกค้าประมาณ 77% เทียบกับช่วงเวลาที่มีลูกค้ามากที่สุด,วันพุธ
ci_176,โดยปกติแล้วเวลา 22:00 จะมีลูกค้าประมาณ 60% เทียบกับช่วงเวลาที่มีลูกค้ามากที่สุด,วันพุธ
ci_176,โดยปกติแล้วเวลา 23:00 จะมีลูกค้าประมาณ 46% เทียบกับช่วงเวลาที่มีลูกค้ามากที่สุด,วันพุธ
ci_176,โดยปกติแล้วเวลา 06:00 จะมีลูกค้าประมาณ 0% เทียบกับช่วงเวลาที่มีลูกค้ามากที่สุด,วันพฤหัสบดี
ci_176,โดยปกติแล้วเวลา 07:00 จะมีลูกค้าประมาณ 0% เทียบกับช่วงเวลาที่มีลูกค้ามากที่สุด,วันพฤหัสบดี
ci_176,โดยปกติแล้วเวลา 08:00 จะมีลูกค้าประมาณ 0% เทียบกับช่วงเวลาที่มีลูกค้ามากที่สุด,วันพฤหัสบดี
ci_176,โดยปกติแล้วเวลา 09:00 จะมีลูกค้าประมาณ 0% เทียบกับช่วงเวลาที่มีลูกค้ามากที่สุด,วันพฤหัสบดี
ci_176,โดยปกติแล้วเวลา 10:00 จะมีลูกค้าประมาณ 0% เทียบกับช่วงเวลาที่มีลูกค้ามากที่สุด,วันพฤหัสบดี
ci_176,โดยปกติแล้วเวลา 11:00 จะมีลูกค้าประมาณ 0% เทียบกับช่วงเวลาที่มีลูกค้ามากที่สุด,วันพฤหัสบดี
ci_176,โดยปกติแล้วเวลา 12:00 จะมีลูกค้าประมาณ 58% เทียบกับช่วงเวลาที่มีลูกค้ามากที่สุด,วันพฤหัสบดี
ci_176,โดยปกติแล้วเวลา 13:00 จะมีลูกค้าประมาณ 57% เทียบกับช่วงเวลาที่มีลูกค้ามากที่สุด,วันพฤหัสบดี
ci_176,โดยปกติแล้วเวลา 14:00 จะมีลูกค้าประมาณ 50% เทียบกับช่วงเวลาที่มีลูกค้ามากที่สุด,วันพฤหัสบดี
ci_176,โดยปกติแล้วเวลา 15:00 จะมีลูกค้าประมาณ 46% เทียบกับช่วงเวลาที่มีลูกค้ามากที่สุด,วันพฤหัสบดี
ci_176,โดยปกติแล้วเวลา 16:00 จะมีลูกค้าประมาณ 51% เทียบกับช่วงเวลาที่มีลูกค้ามากที่สุด,วันพฤหัสบดี
ci_176,โดยปกติแล้วเวลา 17:00 จะมีลูกค้าประมาณ 60% เทียบกับช่วงเวลาที่มีลูกค้ามากที่สุด,วันพฤหัสบดี
ci_176,โดยปกติแล้วเวลา 18:00 จะมีลูกค้าประมาณ 71% เทียบกับช่วงเวลาที่มีลูกค้ามากที่สุด,วันพฤหัสบดี
ci_176,โดยปกติแล้วเวลา 19:00 จะมีลูกค้าประมาณ 79% เทียบกับช่วงเวลาที่มีลูกค้ามากที่สุด,วันพฤหัสบดี
ci_176,โดยปกติแล้วเวลา 20:00 จะมีลูกค้าประมาณ 81% เทียบกับช่วงเวลาที่มีลูกค้ามากที่สุด,วันพฤหัสบดี
ci_176,โดยปกติแล้วเวลา 21:00 จะมีลูกค้าประมาณ 68% เทียบกับช่วงเวลาที่มีลูกค้ามากที่สุด,วันพฤหัสบดี
ci_176,โดยปกติแล้วเวลา 22:00 จะมีลูกค้าประมาณ 50% เทียบกับช่วงเวลาที่มีลูกค้ามากที่สุด,วันพฤหัสบดี
ci_176,โดยปกติแล้วเวลา 23:00 จะมีลูกค้าประมาณ 30% เทียบกับช่วงเวลาที่มีลูกค้ามากที่สุด,วันพฤหัสบดี
ci_176,โดยปกติแล้วเวลา 06:00 จะมีลูกค้าประมาณ 0% เทียบกับช่วงเวลาที่มีลูกค้ามากที่สุด,วันศุกร์
ci_176,โดยปกติแล้วเวลา 07:00 จะมีลูกค้าประมาณ 0% เทียบกับช่วงเวลาที่มีลูกค้ามากที่สุด,วันศุกร์
ci_176,โดยปกติแล้วเวลา 08:00 จะมีลูกค้าประมาณ 0% เทียบกับช่วงเวลาที่มีลูกค้ามากที่สุด,วันศุกร์
ci_176,โดยปกติแล้วเวลา 09:00 จะมีลูกค้าประมาณ 0% เทียบกับช่วงเวลาที่มีลูกค้ามากที่สุด,วันศุกร์
ci_176,โดยปกติแล้วเวลา 10:00 จะมีลูกค้าประมาณ 0% เทียบกับช่วงเวลาที่มีลูกค้ามากที่สุด,วันศุกร์
ci_176,โดยปกติแล้วเวลา 11:00 จะมีลูกค้าประมาณ 0% เทียบกับช่วงเวลาที่มีลูกค้ามากที่สุด,วันศุกร์
ci_176,โดยปกติแล้วเวลา 12:00 จะมีลูกค้าประมาณ 50% เทียบกับช่วงเวลาที่มีลูกค้ามากที่สุด,วันศุกร์
ci_176,โดยปกติแล้วเวลา 13:00 จะมีลูกค้าประมาณ 55% เทียบกับช่วงเวลาที่มีลูกค้ามากที่สุด,วันศุกร์
ci_176,โดยปกติแล้วเวลา 14:00 จะมีลูกค้าประมาณ 50% เทียบกับช่วงเวลาที่มีลูกค้ามากที่สุด,วันศุกร์
ci_176,โดยปกติแล้วเวลา 15:00 จะมีลูกค้าประมาณ 47% เทียบกับช่วงเวลาที่มีลูกค้ามากที่สุด,วันศุกร์
ci_176,โดยปกติแล้วเวลา 16:00 จะมีลูกค้าประมาณ 51% เทียบกับช่วงเวลาที่มีลูกค้ามากที่สุด,วันศุกร์
ci_176,โดยปกติแล้วเวลา 17:00 จะมีลูกค้าประมาณ 67% เทียบกับช่วงเวลาที่มีลูกค้ามากที่สุด,วันศุกร์
ci_176,โดยปกติแล้วเวลา 18:00 จะมีลูกค้าประมาณ 79% เทียบกับช่วงเวลาที่มีลูกค้ามากที่สุด,วันศุกร์
ci_176,โดยปกติแล้วเวลา 19:00 จะมีลูกค้าประมาณ 90% เทียบกับช่วงเวลาที่มีลูกค้ามากที่สุด,วันศุกร์
ci_176,โดยปกติแล้วเวลา 20:00 จะมีลูกค้าประมาณ 85% เทียบกับช่วงเวลาที่มีลูกค้ามากที่สุด,วันศุกร์
ci_176,โดยปกติแล้วเวลา 21:00 จะมีลูกค้าประมาณ 71% เทียบกับช่วงเวลาที่มีลูกค้ามากที่สุด,วันศุกร์
ci_176,โดยปกติแล้วเวลา 22:00 จะมีลูกค้าประมาณ 51% เทียบกับช่วงเวลาที่มีลูกค้ามากที่สุด,วันศุกร์
ci_176,โดยปกติแล้วเวลา 23:00 จะมีลูกค้าประมาณ 28% เทียบกับช่วงเวลาที่มีลูกค้ามากที่สุด,วันศุกร์
ci_176,โดยปกติแล้วเวลา 06:00 จะมีลูกค้าประมาณ 0% เทียบกับช่วงเวลาที่มีลูกค้ามากที่สุด,วันเสาร์
ci_176,โดยปกติแล้วเวลา 07:00 จะมีลูกค้าประมาณ 0% เทียบกับช่วงเวลาที่มีลูกค้ามากที่สุด,วันเสาร์
ci_176,โดยปกติแล้วเวลา 08:00 จะมีลูกค้าประมาณ 0% เทียบกับช่วงเวลาที่มีลูกค้ามากที่สุด,วันเสาร์
ci_176,โดยปกติแล้วเวลา 09:00 จะมีลูกค้าประมาณ 0% เทียบกับช่วงเวลาที่มีลูกค้ามากที่สุด,วันเสาร์
ci_176,โดยปกติแล้วเวลา 10:00 จะมีลูกค้าประมาณ 0% เทียบกับช่วงเวลาที่มีลูกค้ามากที่สุด,วันเสาร์
ci_176,โดยปกติแล้วเวลา 11:00 จะมีลูกค้าประมาณ 0% เทียบกับช่วงเวลาที่มีลูกค้ามากที่สุด,วันเสาร์
ci_176,โดยปกติแล้วเวลา 12:00 จะมีลูกค้าประมาณ 50% เทียบกับช่วงเวลาที่มีลูกค้ามากที่สุด,วันเสาร์
ci_176,โดยปกติแล้วเวลา 13:00 จะมีลูกค้าประมาณ 58% เทียบกับช่วงเวลาที่มีลูกค้ามากที่สุด,วันเสาร์
ci_176,โดยปกติแล้วเวลา 14:00 จะมีลูกค้าประมาณ 58% เทียบกับช่วงเวลาที่มีลูกค้ามากที่สุด,วันเสาร์
ci_176,โดยปกติแล้วเวลา 15:00 จะมีลูกค้าประมาณ 50% เทียบกับช่วงเวลาที่มีลูกค้ามากที่สุด,วันเสาร์
ci_176,ปัจจุบันมีลูกค้าประมาณ 25% เทียบกับช่วงเวลาที่มีลูกค้ามากที่สุด โดยปกติแล้วจะมีลูกค้าประมาณ 49%,วันเสาร์
ci_176,โดยปกติแล้วเวลา 17:00 จะมีลูกค้าประมาณ 57% เทียบกับช่วงเวลาที่มีลูกค้ามากที่สุด,วันเสาร์
ci_176,โดยปกติแล้วเวลา 18:00 จะมีลูกค้าประมาณ 68% เทียบกับช่วงเวลาที่มีลูกค้ามากที่สุด,วันเสาร์
ci_176,โดยปกติแล้วเวลา 19:00 จะมีลูกค้าประมาณ 80% เทียบกับช่วงเวลาที่มีลูกค้ามากที่สุด,วันเสาร์
ci_176,โดยปกติแล้วเวลา 20:00 จะมีลูกค้าประมาณ 77% เทียบกับช่วงเวลาที่มีลูกค้ามากที่สุด,วันเสาร์
ci_176,โดยปกติแล้วเวลา 21:00 จะมีลูกค้าประมาณ 69% เทียบกับช่วงเวลาที่มีลูกค้ามากที่สุด,วันเสาร์
ci_176,โดยปกติแล้วเวลา 22:00 จะมีลูกค้าประมาณ 49% เทียบกับช่วงเวลาที่มีลูกค้ามากที่สุด,วันเสาร์
ci_177,โดยปกติแล้วเวลา 06:00 จะมีลูกค้าประมาณ 0% เทียบกับช่วงเวลาที่มีลูกค้ามากที่สุด,วันอาทิตย์
ci_177,โดยปกติแล้วเวลา 07:00 จะมีลูกค้าประมาณ 0% เทียบกับช่วงเวลาที่มีลูกค้ามากที่สุด,วันอาทิตย์
ci_177,โดยปกติแล้วเวลา 08:00 จะมีลูกค้าประมาณ 0% เทียบกับช่วงเวลาที่มีลูกค้ามากที่สุด,วันอาทิตย์
ci_177,โดยปกติแล้วเวลา 09:00 จะมีลูกค้าประมาณ 0% เทียบกับช่วงเวลาที่มีลูกค้ามากที่สุด,วันอาทิตย์
ci_177,โดยปกติแล้วเวลา 10:00 จะมีลูกค้าประมาณ 35% เทียบกับช่วงเวลาที่มีลูกค้ามากที่สุด,วันอาทิตย์
ci_177,โดยปกติแล้วเวลา 11:00 จะมีลูกค้าประมาณ 71% เทียบกับช่วงเวลาที่มีลูกค้ามากที่สุด,วันอาทิตย์
ci_177,โดยปกติแล้วเวลา 12:00 จะมีลูกค้าประมาณ 78% เทียบกับช่วงเวลาที่มีลูกค้ามากที่สุด,วันอาทิตย์
ci_177,โดยปกติแล้วเวลา 13:00 จะมีลูกค้าประมาณ 57% เทียบกับช่วงเวลาที่มีลูกค้ามากที่สุด,วันอาทิตย์
ci_177,โดยปกติแล้วเวลา 14:00 จะมีลูกค้าประมาณ 50% เทียบกับช่วงเวลาที่มีลูกค้ามากที่สุด,วันอาทิตย์
ci_177,โดยปกติแล้วเวลา 15:00 จะมีลูกค้าประมาณ 78% เทียบกับช่วงเวลาที่มีลูกค้ามากที่สุด,วันอาทิตย์
ci_177,โดยปกติแล้วเวลา 16:00 จะมีลูกค้าประมาณ 85% เทียบกับช่วงเวลาที่มีลูกค้ามากที่สุด,วันอาทิตย์
ci_177,โดยปกติแล้วเวลา 17:00 จะมีลูกค้าประมาณ 78% เทียบกับช่วงเวลาที่มีลูกค้ามากที่สุด,วันอาทิตย์
ci_177,โดยปกติแล้วเวลา 18:00 จะมีลูกค้าประมาณ 71% เทียบกับช่วงเวลาที่มีลูกค้ามากที่สุด,วันอาทิตย์
ci_177,โดยปกติแล้วเวลา 19:00 จะมีลูกค้าประมาณ 64% เทียบกับช่วงเวลาที่มีลูกค้ามากที่สุด,วันอาทิตย์
ci_177,โดยปกติแล้วเวลา 20:00 จะมีลูกค้าประมาณ 57% เทียบกับช่วงเวลาที่มีลูกค้ามากที่สุด,วันอาทิตย์
ci_177,โดยปกติแล้วเวลา 21:00 จะมีลูกค้าประมาณ 78% เทียบกับช่วงเวลาที่มีลูกค้ามากที่สุด,วันอาทิตย์
ci_177,โดยปกติแล้วเวลา 22:00 จะมีลูกค้าประมาณ 0% เทียบกับช่วงเวลาที่มีลูกค้ามากที่สุด,วันอาทิตย์
ci_177,โดยปกติแล้วเวลา 23:00 จะมีลูกค้าประมาณ 0% เทียบกับช่วงเวลาที่มีลูกค้ามากที่สุด,วันอาทิตย์
ci_177,โดยปกติแล้วเวลา 06:00 จะมีลูกค้าประมาณ 0% เทียบกับช่วงเวลาที่มีลูกค้ามากที่สุด,วันจันทร์
ci_177,โดยปกติแล้วเวลา 07:00 จะมีลูกค้าประมาณ 0% เทียบกับช่วงเวลาที่มีลูกค้ามากที่สุด,วันจันทร์
ci_177,โดยปกติแล้วเวลา 08:00 จะมีลูกค้าประมาณ 0% เทียบกับช่วงเวลาที่มีลูกค้ามากที่สุด,วันจันทร์
ci_177,โดยปกติแล้วเวลา 09:00 จะมีลูกค้าประมาณ 0% เทียบกับช่วงเวลาที่มีลูกค้ามากที่สุด,วันจันทร์
ci_177,โดยปกติแล้วเวลา 10:00 จะมีลูกค้าประมาณ 78% เทียบกับช่วงเวลาที่มีลูกค้ามากที่สุด,วันจันทร์
ci_177,โดยปกติแล้วเวลา 11:00 จะมีลูกค้าประมาณ 71% เทียบกับช่วงเวลาที่มีลูกค้ามากที่สุด,วันจันทร์
ci_177,โดยปกติแล้วเวลา 12:00 จะมีลูกค้าประมาณ 57% เทียบกับช่วงเวลาที่มีลูกค้ามากที่สุด,วันจันทร์
ci_177,โดยปกติแล้วเวลา 13:00 จะมีลูกค้าประมาณ 42% เทียบกับช่วงเวลาที่มีลูกค้ามากที่สุด,วันจันทร์
ci_177,โดยปกติแล้วเวลา 14:00 จะมีลูกค้าประมาณ 42% เทียบกับช่วงเวลาที่มีลูกค้ามากที่สุด,วันจันทร์
ci_177,โดยปกติแล้วเวลา 15:00 จะมีลูกค้าประมาณ 35% เทียบกับช่วงเวลาที่มีลูกค้ามากที่สุด,วันจันทร์
ci_177,โดยปกติแล้วเวลา 16:00 จะมีลูกค้าประมาณ 21% เทียบกับช่วงเวลาที่มีลูกค้ามากที่สุด,วันจันทร์
ci_177,โดยปกติแล้วเวลา 17:00 จะมีลูกค้าประมาณ 42% เทียบกับช่วงเวลาที่มีลูกค้ามากที่สุด,วันจันทร์
ci_177,โดยปกติแล้วเวลา 18:00 จะมีลูกค้าประมาณ 42% เทียบกับช่วงเวลาที่มีลูกค้ามากที่สุด,วันจันทร์
ci_177,โดยปกติแล้วเวลา 19:00 จะมีลูกค้าประมาณ 50% เทียบกับช่วงเวลาที่มีลูกค้ามากที่สุด,วันจันทร์
ci_177,โดยปกติแล้วเวลา 20:00 จะมีลูกค้าประมาณ 42% เทียบกับช่วงเวลาที่มีลูกค้ามากที่สุด,วันจันทร์
ci_177,โดยปกติแล้วเวลา 21:00 จะมีลูกค้าประมาณ 57% เทียบกับช่วงเวลาที่มีลูกค้ามากที่สุด,วันจันทร์
ci_177,โดยปกติแล้วเวลา 22:00 จะมีลูกค้าประมาณ 0% เทียบกับช่วงเวลาที่มีลูกค้ามากที่สุด,วันจันทร์
ci_177,โดยปกติแล้วเวลา 23:00 จะมีลูกค้าประมาณ 0% เทียบกับช่วงเวลาที่มีลูกค้ามากที่สุด,วันจันทร์
ci_177,โดยปกติแล้วเวลา 06:00 จะมีลูกค้าประมาณ 0% เทียบกับช่วงเวลาที่มีลูกค้ามากที่สุด,วันอังคาร
ci_177,โดยปกติแล้วเวลา 07:00 จะมีลูกค้าประมาณ 0% เทียบกับช่วงเวลาที่มีลูกค้ามากที่สุด,วันอังคาร
ci_177,โดยปกติแล้วเวลา 08:00 จะมีลูกค้าประมาณ 0% เทียบกับช่วงเวลาที่มีลูกค้ามากที่สุด,วันอังคาร
ci_177,โดยปกติแล้วเวลา 09:00 จะมีลูกค้าประมาณ 0% เทียบกับช่วงเวลาที่มีลูกค้ามากที่สุด,วันอังคาร
ci_177,โดยปกติแล้วเวลา 10:00 จะมีลูกค้าประมาณ 14% เทียบกับช่วงเวลาที่มีลูกค้ามากที่สุด,วันอังคาร
ci_177,โดยปกติแล้วเวลา 11:00 จะมีลูกค้าประมาณ 35% เทียบกับช่วงเวลาที่มีลูกค้ามากที่สุด,วันอังคาร
ci_177,โดยปกติแล้วเวลา 12:00 จะมีลูกค้าประมาณ 64% เทียบกับช่วงเวลาที่มีลูกค้ามากที่สุด,วันอังคาร
ci_177,โดยปกติแล้วเวลา 13:00 จะมีลูกค้าประมาณ 57% เทียบกับช่วงเวลาที่มีลูกค้ามากที่สุด,วันอังคาร
ci_177,โดยปกติแล้วเวลา 14:00 จะมีลูกค้าประมาณ 78% เทียบกับช่วงเวลาที่มีลูกค้ามากที่สุด,วันอังคาร
ci_177,โดยปกติแล้วเวลา 15:00 จะมีลูกค้าประมาณ 92% เทียบกับช่วงเวลาที่มีลูกค้ามากที่สุด,วันอังคาร
ci_177,โดยปกติแล้วเวลา 16:00 จะมีลูกค้าประมาณ 100% เทียบกับช่วงเวลาที่มีลูกค้ามากที่สุด,วันอังคาร
ci_177,โดยปกติแล้วเวลา 17:00 จะมีลูกค้าประมาณ 92% เทียบกับช่วงเวลาที่มีลูกค้ามากที่สุด,วันอังคาร
ci_177,โดยปกติแล้วเวลา 18:00 จะมีลูกค้าประมาณ 50% เทียบกับช่วงเวลาที่มีลูกค้ามากที่สุด,วันอังคาร
ci_177,โดยปกติแล้วเวลา 19:00 จะมีลูกค้าประมาณ 21% เทียบกับช่วงเวลาที่มีลูกค้ามากที่สุด,วันอังคาร
ci_177,โดยปกติแล้วเวลา 20:00 จะมีลูกค้าประมาณ 7% เทียบกับช่วงเวลาที่มีลูกค้ามากที่สุด,วันอังคาร
ci_177,โดยปกติแล้วเวลา 21:00 จะมีลูกค้าประมาณ 14% เทียบกับช่วงเวลาที่มีลูกค้ามากที่สุด,วันอังคาร
ci_177,โดยปกติแล้วเวลา 22:00 จะมีลูกค้าประมาณ 0% เทียบกับช่วงเวลาที่มีลูกค้ามากที่สุด,วันอังคาร
ci_177,โดยปกติแล้วเวลา 23:00 จะมีลูกค้าประมาณ 0% เทียบกับช่วงเวลาที่มีลูกค้ามากที่สุด,วันอังคาร
ci_177,โดยปกติแล้วเวลา 06:00 จะมีลูกค้าประมาณ 0% เทียบกับช่วงเวลาที่มีลูกค้ามากที่สุด,วันพุธ
ci_177,โดยปกติแล้วเวลา 07:00 จะมีลูกค้าประมาณ 0% เทียบกับช่วงเวลาที่มีลูกค้ามากที่สุด,วันพุธ
ci_177,โดยปกติแล้วเวลา 08:00 จะมีลูกค้าประมาณ 0% เทียบกับช่วงเวลาที่มีลูกค้ามากที่สุด,วันพุธ
ci_177,โดยปกติแล้วเวลา 09:00 จะมีลูกค้าประมาณ 0% เทียบกับช่วงเวลาที่มีลูกค้ามากที่สุด,วันพุธ
ci_177,โดยปกติแล้วเวลา 10:00 จะมีลูกค้าประมาณ 14% เทียบกับช่วงเวลาที่มีลูกค้ามากที่สุด,วันพุธ
ci_177,โดยปกติแล้วเวลา 11:00 จะมีลูกค้าประมาณ 14% เทียบกับช่วงเวลาที่มีลูกค้ามากที่สุด,วันพุธ
ci_177,โดยปกติแล้วเวลา 12:00 จะมีลูกค้าประมาณ 7% เทียบกับช่วงเวลาที่มีลูกค้ามากที่สุด,วันพุธ
ci_177,โดยปกติแล้วเวลา 13:00 จะมีลูกค้าประมาณ 0% เทียบกับช่วงเวลาที่มีลูกค้ามากที่สุด,วันพุธ
ci_177,โดยปกติแล้วเวลา 14:00 จะมีลูกค้าประมาณ 14% เทียบกับช่วงเวลาที่มีลูกค้ามากที่สุด,วันพุธ
ci_177,โดยปกติแล้วเวลา 15:00 จะมีลูกค้าประมาณ 21% เทียบกับช่วงเวลาที่มีลูกค้ามากที่สุด,วันพุธ
ci_177,โดยปกติแล้วเวลา 16:00 จะมีลูกค้าประมาณ 35% เทียบกับช่วงเวลาที่มีลูกค้ามากที่สุด,วันพุธ
ci_177,โดยปกติแล้วเวลา 17:00 จะมีลูกค้าประมาณ 28% เทียบกับช่วงเวลาที่มีลูกค้ามากที่สุด,วันพุธ
ci_177,โดยปกติแล้วเวลา 18:00 จะมีลูกค้าประมาณ 35% เทียบกับช่วงเวลาที่มีลูกค้ามากที่สุด,วันพุธ
ci_177,โดยปกติแล้วเวลา 19:00 จะมีลูกค้าประมาณ 50% เทียบกับช่วงเวลาที่มีลูกค้ามากที่สุด,วันพุธ
ci_177,โดยปกติแล้วเวลา 20:00 จะมีลูกค้าประมาณ 64% เทียบกับช่วงเวลาที่มีลูกค้ามากที่สุด,วันพุธ
ci_177,โดยปกติแล้วเวลา 21:00 จะมีลูกค้าประมาณ 78% เทียบกับช่วงเวลาที่มีลูกค้ามากที่สุด,วันพุธ
ci_177,โดยปกติแล้วเวลา 22:00 จะมีลูกค้าประมาณ 0% เทียบกับช่วงเวลาที่มีลูกค้ามากที่สุด,วันพุธ
ci_177,โดยปกติแล้วเวลา 23:00 จะมีลูกค้าประมาณ 0% เทียบกับช่วงเวลาที่มีลูกค้ามากที่สุด,วันพุธ
ci_177,โดยปกติแล้วเวลา 06:00 จะมีลูกค้าประมาณ 0% เทียบกับช่วงเวลาที่มีลูกค้ามากที่สุด,วันพฤหัสบดี
ci_177,โดยปกติแล้วเวลา 07:00 จะมีลูกค้าประมาณ 0% เทียบกับช่วงเวลาที่มีลูกค้ามากที่สุด,วันพฤหัสบดี
ci_177,โดยปกติแล้วเวลา 08:00 จะมีลูกค้าประมาณ 0% เทียบกับช่วงเวลาที่มีลูกค้ามากที่สุด,วันพฤหัสบดี
ci_177,โดยปกติแล้วเวลา 09:00 จะมีลูกค้าประมาณ 0% เทียบกับช่วงเวลาที่มีลูกค้ามากที่สุด,วันพฤหัสบดี
ci_177,โดยปกติแล้วเวลา 10:00 จะมีลูกค้าประมาณ 85% เทียบกับช่วงเวลาที่มีลูกค้ามากที่สุด,วันพฤหัสบดี
ci_177,โดยปกติแล้วเวลา 11:00 จะมีลูกค้าประมาณ 64% เทียบกับช่วงเวลาที่มีลูกค้ามากที่สุด,วันพฤหัสบดี
ci_177,โดยปกติแล้วเวลา 12:00 จะมีลูกค้าประมาณ 71% เทียบกับช่วงเวลาที่มีลูกค้ามากที่สุด,วันพฤหัสบดี
ci_177,โดยปกติแล้วเวลา 13:00 จะมีลูกค้าประมาณ 57% เทียบกับช่วงเวลาที่มีลูกค้ามากที่สุด,วันพฤหัสบดี
ci_177,โดยปกติแล้วเวลา 14:00 จะมีลูกค้าประมาณ 78% เทียบกับช่วงเวลาที่มีลูกค้ามากที่สุด,วันพฤหัสบดี
ci_177,โดยปกติแล้วเวลา 15:00 จะมีลูกค้าประมาณ 50% เทียบกับช่วงเวลาที่มีลูกค้ามากที่สุด,วันพฤหัสบดี
ci_177,โดยปกติแล้วเวลา 16:00 จะมีลูกค้าประมาณ 28% เทียบกับช่วงเวลาที่มีลูกค้ามากที่สุด,วันพฤหัสบดี
ci_177,โดยปกติแล้วเวลา 17:00 จะมีลูกค้าประมาณ 21% เทียบกับช่วงเวลาที่มีลูกค้ามากที่สุด,วันพฤหัสบดี
ci_177,โดยปกติแล้วเวลา 18:00 จะมีลูกค้าประมาณ 28% เทียบกับช่วงเวลาที่มีลูกค้ามากที่สุด,วันพฤหัสบดี
ci_177,โดยปกติแล้วเวลา 19:00 จะมีลูกค้าประมาณ 57% เทียบกับช่วงเวลาที่มีลูกค้ามากที่สุด,วันพฤหัสบดี
ci_177,โดยปกติแล้วเวลา 20:00 จะมีลูกค้าประมาณ 78% เทียบกับช่วงเวลาที่มีลูกค้ามากที่สุด,วันพฤหัสบดี
ci_177,โดยปกติแล้วเวลา 21:00 จะมีลูกค้าประมาณ 64% เทียบกับช่วงเวลาที่มีลูกค้ามากที่สุด,วันพฤหัสบดี
ci_177,โดยปกติแล้วเวลา 22:00 จะมีลูกค้าประมาณ 0% เทียบกับช่วงเวลาที่มีลูกค้ามากที่สุด,วันพฤหัสบดี
ci_177,โดยปกติแล้วเวลา 23:00 จะมีลูกค้าประมาณ 0% เทียบกับช่วงเวลาที่มีลูกค้ามากที่สุด,วันพฤหัสบดี
ci_177,โดยปกติแล้วเวลา 06:00 จะมีลูกค้าประมาณ 0% เทียบกับช่วงเวลาที่มีลูกค้ามากที่สุด,วันศุกร์
ci_177,โดยปกติแล้วเวลา 07:00 จะมีลูกค้าประมาณ 0% เทียบกับช่วงเวลาที่มีลูกค้ามากที่สุด,วันศุกร์
ci_177,โดยปกติแล้วเวลา 08:00 จะมีลูกค้าประมาณ 0% เทียบกับช่วงเวลาที่มีลูกค้ามากที่สุด,วันศุกร์
ci_177,โดยปกติแล้วเวลา 09:00 จะมีลูกค้าประมาณ 0% เทียบกับช่วงเวลาที่มีลูกค้ามากที่สุด,วันศุกร์
ci_177,โดยปกติแล้วเวลา 10:00 จะมีลูกค้าประมาณ 64% เทียบกับช่วงเวลาที่มีลูกค้ามากที่สุด,วันศุกร์
ci_177,โดยปกติแล้วเวลา 11:00 จะมีลูกค้าประมาณ 92% เทียบกับช่วงเวลาที่มีลูกค้ามากที่สุด,วันศุกร์
ci_177,โดยปกติแล้วเวลา 12:00 จะมีลูกค้าประมาณ 100% เทียบกับช่วงเวลาที่มีลูกค้ามากที่สุด,วันศุกร์
ci_177,โดยปกติแล้วเวลา 13:00 จะมีลูกค้าประมาณ 57% เทียบกับช่วงเวลาที่มีลูกค้ามากที่สุด,วันศุกร์
ci_177,โดยปกติแล้วเวลา 14:00 จะมีลูกค้าประมาณ 35% เทียบกับช่วงเวลาที่มีลูกค้ามากที่สุด,วันศุกร์
ci_177,โดยปกติแล้วเวลา 15:00 จะมีลูกค้าประมาณ 42% เทียบกับช่วงเวลาที่มีลูกค้ามากที่สุด,วันศุกร์
ci_177,โดยปกติแล้วเวลา 16:00 จะมีลูกค้าประมาณ 35% เทียบกับช่วงเวลาที่มีลูกค้ามากที่สุด,วันศุกร์
ci_177,โดยปกติแล้วเวลา 17:00 จะมีลูกค้าประมาณ 28% เทียบกับช่วงเวลาที่มีลูกค้ามากที่สุด,วันศุกร์
ci_177,โดยปกติแล้วเวลา 18:00 จะมีลูกค้าประมาณ 14% เทียบกับช่วงเวลาที่มีลูกค้ามากที่สุด,วันศุกร์
ci_177,โดยปกติแล้วเวลา 19:00 จะมีลูกค้าประมาณ 35% เทียบกับช่วงเวลาที่มีลูกค้ามากที่สุด,วันศุกร์
ci_177,โดยปกติแล้วเวลา 20:00 จะมีลูกค้าประมาณ 57% เทียบกับช่วงเวลาที่มีลูกค้ามากที่สุด,วันศุกร์
ci_177,โดยปกติแล้วเวลา 21:00 จะมีลูกค้าประมาณ 78% เทียบกับช่วงเวลาที่มีลูกค้ามากที่สุด,วันศุกร์
ci_177,โดยปกติแล้วเวลา 22:00 จะมีลูกค้าประมาณ 0% เทียบกับช่วงเวลาที่มีลูกค้ามากที่สุด,วันศุกร์
ci_177,โดยปกติแล้วเวลา 23:00 จะมีลูกค้าประมาณ 0% เทียบกับช่วงเวลาที่มีลูกค้ามากที่สุด,วันศุกร์
ci_177,โดยปกติแล้วเวลา 06:00 จะมีลูกค้าประมาณ 0% เทียบกับช่วงเวลาที่มีลูกค้ามากที่สุด,วันเสาร์
ci_177,โดยปกติแล้วเวลา 07:00 จะมีลูกค้าประมาณ 0% เทียบกับช่วงเวลาที่มีลูกค้ามากที่สุด,วันเสาร์
ci_177,โดยปกติแล้วเวลา 08:00 จะมีลูกค้าประมาณ 0% เทียบกับช่วงเวลาที่มีลูกค้ามากที่สุด,วันเสาร์
ci_177,โดยปกติแล้วเวลา 09:00 จะมีลูกค้าประมาณ 0% เทียบกับช่วงเวลาที่มีลูกค้ามากที่สุด,วันเสาร์
ci_177,โดยปกติแล้วเวลา 10:00 จะมีลูกค้าประมาณ 57% เทียบกับช่วงเวลาที่มีลูกค้ามากที่สุด,วันเสาร์
ci_177,โดยปกติแล้วเวลา 11:00 จะมีลูกค้าประมาณ 71% เทียบกับช่วงเวลาที่มีลูกค้ามากที่สุด,วันเสาร์
ci_177,โดยปกติแล้วเวลา 12:00 จะมีลูกค้าประมาณ 71% เทียบกับช่วงเวลาที่มีลูกค้ามากที่สุด,วันเสาร์
ci_177,โดยปกติแล้วเวลา 13:00 จะมีลูกค้าประมาณ 71% เทียบกับช่วงเวลาที่มีลูกค้ามากที่สุด,วันเสาร์
ci_177,โดยปกติแล้วเวลา 14:00 จะมีลูกค้าประมาณ 78% เทียบกับช่วงเวลาที่มีลูกค้ามากที่สุด,วันเสาร์
ci_177,โดยปกติแล้วเวลา 15:00 จะมีลูกค้าประมาณ 85% เทียบกับช่วงเวลาที่มีลูกค้ามากที่สุด,วันเสาร์
ci_177,โดยปกติแล้วเวลา 16:00 จะมีลูกค้าประมาณ 85% เทียบกับช่วงเวลาที่มีลูกค้ามากที่สุด,วันเสาร์
ci_177,โดยปกติแล้วเวลา 17:00 จะมีลูกค้าประมาณ 100% เทียบกับช่วงเวลาที่มีลูกค้ามากที่สุด,วันเสาร์
ci_177,โดยปกติแล้วเวลา 18:00 จะมีลูกค้าประมาณ 78% เทียบกับช่วงเวลาที่มีลูกค้ามากที่สุด,วันเสาร์
ci_177,โดยปกติแล้วเวลา 19:00 จะมีลูกค้าประมาณ 57% เทียบกับช่วงเวลาที่มีลูกค้ามากที่สุด,วันเสาร์
ci_177,โดยปกติแล้วเวลา 20:00 จะมีลูกค้าประมาณ 57% เทียบกับช่วงเวลาที่มีลูกค้ามากที่สุด,วันเสาร์
ci_177,โดยปกติแล้วเวลา 21:00 จะมีลูกค้าประมาณ 92% เทียบกับช่วงเวลาที่มีลูกค้ามากที่สุด,วันเสาร์
ci_177,โดยปกติแล้วเวลา 22:00 จะมีลูกค้าประมาณ 0% เทียบกับช่วงเวลาที่มีลูกค้ามากที่สุด,วันเสาร์
,,
,,
ci_180,โดยปกติแล้วเวลา 05:00 จะมีลูกค้าประมาณ 0% เทียบกับช่วงเวลาที่มีลูกค้ามากที่สุด,วันอาทิตย์
ci_180,โดยปกติแล้วเวลา 06:00 จะมีลูกค้าประมาณ 35% เทียบกับช่วงเวลาที่มีลูกค้ามากที่สุด,วันอาทิตย์
ci_180,โดยปกติแล้วเวลา 07:00 จะมีลูกค้าประมาณ 23% เทียบกับช่วงเวลาที่มีลูกค้ามากที่สุด,วันอาทิตย์
ci_180,โดยปกติแล้วเวลา 08:00 จะมีลูกค้าประมาณ 47% เทียบกับช่วงเวลาที่มีลูกค้ามากที่สุด,วันอาทิตย์
ci_180,โดยปกติแล้วเวลา 09:00 จะมีลูกค้าประมาณ 58% เทียบกับช่วงเวลาที่มีลูกค้ามากที่สุด,วันอาทิตย์
ci_180,โดยปกติแล้วเวลา 10:00 จะมีลูกค้าประมาณ 58% เทียบกับช่วงเวลาที่มีลูกค้ามากที่สุด,วันอาทิตย์
ci_180,โดยปกติแล้วเวลา 11:00 จะมีลูกค้าประมาณ 58% เทียบกับช่วงเวลาที่มีลูกค้ามากที่สุด,วันอาทิตย์
ci_180,โดยปกติแล้วเวลา 12:00 จะมีลูกค้าประมาณ 58% เทียบกับช่วงเวลาที่มีลูกค้ามากที่สุด,วันอาทิตย์
ci_180,โดยปกติแล้วเวลา 13:00 จะมีลูกค้าประมาณ 47% เทียบกับช่วงเวลาที่มีลูกค้ามากที่สุด,วันอาทิตย์
ci_180,โดยปกติแล้วเวลา 14:00 จะมีลูกค้าประมาณ 41% เทียบกับช่วงเวลาที่มีลูกค้ามากที่สุด,วันอาทิตย์
ci_180,โดยปกติแล้วเวลา 15:00 จะมีลูกค้าประมาณ 47% เทียบกับช่วงเวลาที่มีลูกค้ามากที่สุด,วันอาทิตย์
ci_180,โดยปกติแล้วเวลา 16:00 จะมีลูกค้าประมาณ 47% เทียบกับช่วงเวลาที่มีลูกค้ามากที่สุด,วันอาทิตย์
ci_180,โดยปกติแล้วเวลา 17:00 จะมีลูกค้าประมาณ 47% เทียบกับช่วงเวลาที่มีลูกค้ามากที่สุด,วันอาทิตย์
ci_180,โดยปกติแล้วเวลา 18:00 จะมีลูกค้าประมาณ 0% เทียบกับช่วงเวลาที่มีลูกค้ามากที่สุด,วันอาทิตย์
ci_180,โดยปกติแล้วเวลา 19:00 จะมีลูกค้าประมาณ 0% เทียบกับช่วงเวลาที่มีลูกค้ามากที่สุด,วันอาทิตย์
ci_180,โดยปกติแล้วเวลา 20:00 จะมีลูกค้าประมาณ 0% เทียบกับช่วงเวลาที่มีลูกค้ามากที่สุด,วันอาทิตย์
ci_180,โดยปกติแล้วเวลา 21:00 จะมีลูกค้าประมาณ 0% เทียบกับช่วงเวลาที่มีลูกค้ามากที่สุด,วันอาทิตย์
ci_180,โดยปกติแล้วเวลา 22:00 จะมีลูกค้าประมาณ 0% เทียบกับช่วงเวลาที่มีลูกค้ามากที่สุด,วันอาทิตย์
ci_180,โดยปกติแล้วเวลา 05:00 จะมีลูกค้าประมาณ 0% เทียบกับช่วงเวลาที่มีลูกค้ามากที่สุด,วันจันทร์
ci_180,โดยปกติแล้วเวลา 06:00 จะมีลูกค้าประมาณ 23% เทียบกับช่วงเวลาที่มีลูกค้ามากที่สุด,วันจันทร์
ci_180,โดยปกติแล้วเวลา 07:00 จะมีลูกค้าประมาณ 11% เทียบกับช่วงเวลาที่มีลูกค้ามากที่สุด,วันจันทร์
ci_180,โดยปกติแล้วเวลา 08:00 จะมีลูกค้าประมาณ 17% เทียบกับช่วงเวลาที่มีลูกค้ามากที่สุด,วันจันทร์
ci_180,โดยปกติแล้วเวลา 09:00 จะมีลูกค้าประมาณ 29% เทียบกับช่วงเวลาที่มีลูกค้ามากที่สุด,วันจันทร์
ci_180,โดยปกติแล้วเวลา 10:00 จะมีลูกค้าประมาณ 35% เทียบกับช่วงเวลาที่มีลูกค้ามากที่สุด,วันจันทร์
ci_180,โดยปกติแล้วเวลา 11:00 จะมีลูกค้าประมาณ 52% เทียบกับช่วงเวลาที่มีลูกค้ามากที่สุด,วันจันทร์
ci_180,โดยปกติแล้วเวลา 12:00 จะมีลูกค้าประมาณ 76% เทียบกับช่วงเวลาที่มีลูกค้ามากที่สุด,วันจันทร์
ci_180,โดยปกติแล้วเวลา 13:00 จะมีลูกค้าประมาณ 52% เทียบกับช่วงเวลาที่มีลูกค้ามากที่สุด,วันจันทร์
ci_180,โดยปกติแล้วเวลา 14:00 จะมีลูกค้าประมาณ 58% เทียบกับช่วงเวลาที่มีลูกค้ามากที่สุด,วันจันทร์
ci_180,โดยปกติแล้วเวลา 15:00 จะมีลูกค้าประมาณ 35% เทียบกับช่วงเวลาที่มีลูกค้ามากที่สุด,วันจันทร์
ci_180,โดยปกติแล้วเวลา 16:00 จะมีลูกค้าประมาณ 11% เทียบกับช่วงเวลาที่มีลูกค้ามากที่สุด,วันจันทร์
ci_180,โดยปกติแล้วเวลา 17:00 จะมีลูกค้าประมาณ 5% เทียบกับช่วงเวลาที่มีลูกค้ามากที่สุด,วันจันทร์
ci_180,โดยปกติแล้วเวลา 18:00 จะมีลูกค้าประมาณ 0% เทียบกับช่วงเวลาที่มีลูกค้ามากที่สุด,วันจันทร์
ci_180,โดยปกติแล้วเวลา 19:00 จะมีลูกค้าประมาณ 0% เทียบกับช่วงเวลาที่มีลูกค้ามากที่สุด,วันจันทร์
ci_180,โดยปกติแล้วเวลา 20:00 จะมีลูกค้าประมาณ 0% เทียบกับช่วงเวลาที่มีลูกค้ามากที่สุด,วันจันทร์
ci_180,โดยปกติแล้วเวลา 21:00 จะมีลูกค้าประมาณ 0% เทียบกับช่วงเวลาที่มีลูกค้ามากที่สุด,วันจันทร์
ci_180,โดยปกติแล้วเวลา 22:00 จะมีลูกค้าประมาณ 0% เทียบกับช่วงเวลาที่มีลูกค้ามากที่สุด,วันจันทร์
ci_180,โดยปกติแล้วเวลา 05:00 จะมีลูกค้าประมาณ 0% เทียบกับช่วงเวลาที่มีลูกค้ามากที่สุด,วันอังคาร
ci_180,โดยปกติแล้วเวลา 06:00 จะมีลูกค้าประมาณ 70% เทียบกับช่วงเวลาที่มีลูกค้ามากที่สุด,วันอังคาร
ci_180,โดยปกติแล้วเวลา 07:00 จะมีลูกค้าประมาณ 70% เทียบกับช่วงเวลาที่มีลูกค้ามากที่สุด,วันอังคาร
ci_180,โดยปกติแล้วเวลา 08:00 จะมีลูกค้าประมาณ 52% เทียบกับช่วงเวลาที่มีลูกค้ามากที่สุด,วันอังคาร
ci_180,โดยปกติแล้วเวลา 09:00 จะมีลูกค้าประมาณ 47% เทียบกับช่วงเวลาที่มีลูกค้ามากที่สุด,วันอังคาร
ci_180,โดยปกติแล้วเวลา 10:00 จะมีลูกค้าประมาณ 47% เทียบกับช่วงเวลาที่มีลูกค้ามากที่สุด,วันอังคาร
ci_180,โดยปกติแล้วเวลา 11:00 จะมีลูกค้าประมาณ 29% เทียบกับช่วงเวลาที่มีลูกค้ามากที่สุด,วันอังคาร
ci_180,โดยปกติแล้วเวลา 12:00 จะมีลูกค้าประมาณ 11% เทียบกับช่วงเวลาที่มีลูกค้ามากที่สุด,วันอังคาร
ci_180,โดยปกติแล้วเวลา 13:00 จะมีลูกค้าประมาณ 11% เทียบกับช่วงเวลาที่มีลูกค้ามากที่สุด,วันอังคาร
ci_180,โดยปกติแล้วเวลา 14:00 จะมีลูกค้าประมาณ 23% เทียบกับช่วงเวลาที่มีลูกค้ามากที่สุด,วันอังคาร
ci_180,โดยปกติแล้วเวลา 15:00 จะมีลูกค้าประมาณ 23% เทียบกับช่วงเวลาที่มีลูกค้ามากที่สุด,วันอังคาร
ci_180,โดยปกติแล้วเวลา 16:00 จะมีลูกค้าประมาณ 23% เทียบกับช่วงเวลาที่มีลูกค้ามากที่สุด,วันอังคาร
ci_180,โดยปกติแล้วเวลา 17:00 จะมีลูกค้าประมาณ 23% เทียบกับช่วงเวลาที่มีลูกค้ามากที่สุด,วันอังคาร
ci_180,โดยปกติแล้วเวลา 18:00 จะมีลูกค้าประมาณ 0% เทียบกับช่วงเวลาที่มีลูกค้ามากที่สุด,วันอังคาร
ci_180,โดยปกติแล้วเวลา 19:00 จะมีลูกค้าประมาณ 0% เทียบกับช่วงเวลาที่มีลูกค้ามากที่สุด,วันอังคาร
ci_180,โดยปกติแล้วเวลา 20:00 จะมีลูกค้าประมาณ 0% เทียบกับช่วงเวลาที่มีลูกค้ามากที่สุด,วันอังคาร
ci_180,โดยปกติแล้วเวลา 21:00 จะมีลูกค้าประมาณ 0% เทียบกับช่วงเวลาที่มีลูกค้ามากที่สุด,วันอังคาร
ci_180,โดยปกติแล้วเวลา 22:00 จะมีลูกค้าประมาณ 0% เทียบกับช่วงเวลาที่มีลูกค้ามากที่สุด,วันอังคาร
ci_180,โดยปกติแล้วเวลา 05:00 จะมีลูกค้าประมาณ 0% เทียบกับช่วงเวลาที่มีลูกค้ามากที่สุด,วันพุธ
ci_180,โดยปกติแล้วเวลา 06:00 จะมีลูกค้าประมาณ 11% เทียบกับช่วงเวลาที่มีลูกค้ามากที่สุด,วันพุธ
ci_180,โดยปกติแล้วเวลา 07:00 จะมีลูกค้าประมาณ 5% เทียบกับช่วงเวลาที่มีลูกค้ามากที่สุด,วันพุธ
ci_180,โดยปกติแล้วเวลา 08:00 จะมีลูกค้าประมาณ 11% เทียบกับช่วงเวลาที่มีลูกค้ามากที่สุด,วันพุธ
ci_180,โดยปกติแล้วเวลา 09:00 จะมีลูกค้าประมาณ 11% เทียบกับช่วงเวลาที่มีลูกค้ามากที่สุด,วันพุธ
ci_180,โดยปกติแล้วเวลา 10:00 จะมีลูกค้าประมาณ 23% เทียบกับช่วงเวลาที่มีลูกค้ามากที่สุด,วันพุธ
ci_180,โดยปกติแล้วเวลา 11:00 จะมีลูกค้าประมาณ 41% เทียบกับช่วงเวลาที่มีลูกค้ามากที่สุด,วันพุธ
ci_180,โดยปกติแล้วเวลา 12:00 จะมีลูกค้าประมาณ 70% เทียบกับช่วงเวลาที่มีลูกค้ามากที่สุด,วันพุธ
ci_180,โดยปกติแล้วเวลา 13:00 จะมีลูกค้าประมาณ 64% เทียบกับช่วงเวลาที่มีลูกค้ามากที่สุด,วันพุธ
ci_180,โดยปกติแล้วเวลา 14:00 จะมีลูกค้าประมาณ 70% เทียบกับช่วงเวลาที่มีลูกค้ามากที่สุด,วันพุธ
ci_180,โดยปกติแล้วเวลา 15:00 จะมีลูกค้าประมาณ 64% เทียบกับช่วงเวลาที่มีลูกค้ามากที่สุด,วันพุธ
ci_180,โดยปกติแล้วเวลา 16:00 จะมีลูกค้าประมาณ 100% เทียบกับช่วงเวลาที่มีลูกค้ามากที่สุด,วันพุธ
ci_180,โดยปกติแล้วเวลา 17:00 จะมีลูกค้าประมาณ 76% เทียบกับช่วงเวลาที่มีลูกค้ามากที่สุด,วันพุธ
ci_180,โดยปกติแล้วเวลา 18:00 จะมีลูกค้าประมาณ 0% เทียบกับช่วงเวลาที่มีลูกค้ามากที่สุด,วันพุธ
ci_180,โดยปกติแล้วเวลา 19:00 จะมีลูกค้าประมาณ 0% เทียบกับช่วงเวลาที่มีลูกค้ามากที่สุด,วันพุธ
ci_180,โดยปกติแล้วเวลา 20:00 จะมีลูกค้าประมาณ 0% เทียบกับช่วงเวลาที่มีลูกค้ามากที่สุด,วันพุธ
ci_180,โดยปกติแล้วเวลา 21:00 จะมีลูกค้าประมาณ 0% เทียบกับช่วงเวลาที่มีลูกค้ามากที่สุด,วันพุธ
ci_180,โดยปกติแล้วเวลา 22:00 จะมีลูกค้าประมาณ 0% เทียบกับช่วงเวลาที่มีลูกค้ามากที่สุด,วันพุธ
ci_180,โดยปกติแล้วเวลา 05:00 จะมีลูกค้าประมาณ 0% เทียบกับช่วงเวลาที่มีลูกค้ามากที่สุด,วันพฤหัสบดี
ci_180,โดยปกติแล้วเวลา 06:00 จะมีลูกค้าประมาณ 29% เทียบกับช่วงเวลาที่มีลูกค้ามากที่สุด,วันพฤหัสบดี
ci_180,โดยปกติแล้วเวลา 07:00 จะมีลูกค้าประมาณ 29% เทียบกับช่วงเวลาที่มีลูกค้ามากที่สุด,วันพฤหัสบดี
ci_180,โดยปกติแล้วเวลา 08:00 จะมีลูกค้าประมาณ 17% เทียบกับช่วงเวลาที่มีลูกค้ามากที่สุด,วันพฤหัสบดี
ci_180,โดยปกติแล้วเวลา 09:00 จะมีลูกค้าประมาณ 17% เทียบกับช่วงเวลาที่มีลูกค้ามากที่สุด,วันพฤหัสบดี
ci_180,โดยปกติแล้วเวลา 10:00 จะมีลูกค้าประมาณ 23% เทียบกับช่วงเวลาที่มีลูกค้ามากที่สุด,วันพฤหัสบดี
ci_180,โดยปกติแล้วเวลา 11:00 จะมีลูกค้าประมาณ 47% เทียบกับช่วงเวลาที่มีลูกค้ามากที่สุด,วันพฤหัสบดี
ci_180,โดยปกติแล้วเวลา 12:00 จะมีลูกค้าประมาณ 41% เทียบกับช่วงเวลาที่มีลูกค้ามากที่สุด,วันพฤหัสบดี
ci_180,โดยปกติแล้วเวลา 13:00 จะมีลูกค้าประมาณ 29% เทียบกับช่วงเวลาที่มีลูกค้ามากที่สุด,วันพฤหัสบดี
ci_180,โดยปกติแล้วเวลา 14:00 จะมีลูกค้าประมาณ 17% เทียบกับช่วงเวลาที่มีลูกค้ามากที่สุด,วันพฤหัสบดี
ci_180,โดยปกติแล้วเวลา 15:00 จะมีลูกค้าประมาณ 23% เทียบกับช่วงเวลาที่มีลูกค้ามากที่สุด,วันพฤหัสบดี
ci_180,โดยปกติแล้วเวลา 16:00 จะมีลูกค้าประมาณ 23% เทียบกับช่วงเวลาที่มีลูกค้ามากที่สุด,วันพฤหัสบดี
ci_180,โดยปกติแล้วเวลา 17:00 จะมีลูกค้าประมาณ 29% เทียบกับช่วงเวลาที่มีลูกค้ามากที่สุด,วันพฤหัสบดี
ci_180,โดยปกติแล้วเวลา 18:00 จะมีลูกค้าประมาณ 0% เทียบกับช่วงเวลาที่มีลูกค้ามากที่สุด,วันพฤหัสบดี
ci_180,โดยปกติแล้วเวลา 19:00 จะมีลูกค้าประมาณ 0% เทียบกับช่วงเวลาที่มีลูกค้ามากที่สุด,วันพฤหัสบดี
ci_180,โดยปกติแล้วเวลา 20:00 จะมีลูกค้าประมาณ 0% เทียบกับช่วงเวลาที่มีลูกค้ามากที่สุด,วันพฤหัสบดี
ci_180,โดยปกติแล้วเวลา 21:00 จะมีลูกค้าประมาณ 0% เทียบกับช่วงเวลาที่มีลูกค้ามากที่สุด,วันพฤหัสบดี
ci_180,โดยปกติแล้วเวลา 22:00 จะมีลูกค้าประมาณ 0% เทียบกับช่วงเวลาที่มีลูกค้ามากที่สุด,วันพฤหัสบดี
ci_180,โดยปกติแล้วเวลา 05:00 จะมีลูกค้าประมาณ 0% เทียบกับช่วงเวลาที่มีลูกค้ามากที่สุด,วันศุกร์
ci_180,โดยปกติแล้วเวลา 06:00 จะมีลูกค้าประมาณ 47% เทียบกับช่วงเวลาที่มีลูกค้ามากที่สุด,วันศุกร์
ci_180,โดยปกติแล้วเวลา 07:00 จะมีลูกค้าประมาณ 29% เทียบกับช่วงเวลาที่มีลูกค้ามากที่สุด,วันศุกร์
ci_180,โดยปกติแล้วเวลา 08:00 จะมีลูกค้าประมาณ 11% เทียบกับช่วงเวลาที่มีลูกค้ามากที่สุด,วันศุกร์
ci_180,โดยปกติแล้วเวลา 09:00 จะมีลูกค้าประมาณ 5% เทียบกับช่วงเวลาที่มีลูกค้ามากที่สุด,วันศุกร์
ci_180,โดยปกติแล้วเวลา 10:00 จะมีลูกค้าประมาณ 0% เทียบกับช่วงเวลาที่มีลูกค้ามากที่สุด,วันศุกร์
ci_180,โดยปกติแล้วเวลา 11:00 จะมีลูกค้าประมาณ 11% เทียบกับช่วงเวลาที่มีลูกค้ามากที่สุด,วันศุกร์
ci_180,โดยปกติแล้วเวลา 12:00 จะมีลูกค้าประมาณ 17% เทียบกับช่วงเวลาที่มีลูกค้ามากที่สุด,วันศุกร์
ci_180,โดยปกติแล้วเวลา 13:00 จะมีลูกค้าประมาณ 17% เทียบกับช่วงเวลาที่มีลูกค้ามากที่สุด,วันศุกร์
ci_180,โดยปกติแล้วเวลา 14:00 จะมีลูกค้าประมาณ 41% เทียบกับช่วงเวลาที่มีลูกค้ามากที่สุด,วันศุกร์
ci_180,โดยปกติแล้วเวลา 15:00 จะมีลูกค้าประมาณ 58% เทียบกับช่วงเวลาที่มีลูกค้ามากที่สุด,วันศุกร์
ci_180,โดยปกติแล้วเวลา 16:00 จะมีลูกค้าประมาณ 64% เทียบกับช่วงเวลาที่มีลูกค้ามากที่สุด,วันศุกร์
ci_180,โดยปกติแล้วเวลา 17:00 จะมีลูกค้าประมาณ 47% เทียบกับช่วงเวลาที่มีลูกค้ามากที่สุด,วันศุกร์
ci_180,โดยปกติแล้วเวลา 18:00 จะมีลูกค้าประมาณ 0% เทียบกับช่วงเวลาที่มีลูกค้ามากที่สุด,วันศุกร์
ci_180,โดยปกติแล้วเวลา 19:00 จะมีลูกค้าประมาณ 0% เทียบกับช่วงเวลาที่มีลูกค้ามากที่สุด,วันศุกร์
ci_180,โดยปกติแล้วเวลา 20:00 จะมีลูกค้าประมาณ 0% เทียบกับช่วงเวลาที่มีลูกค้ามากที่สุด,วันศุกร์
ci_180,โดยปกติแล้วเวลา 21:00 จะมีลูกค้าประมาณ 0% เทียบกับช่วงเวลาที่มีลูกค้ามากที่สุด,วันศุกร์
ci_180,โดยปกติแล้วเวลา 22:00 จะมีลูกค้าประมาณ 0% เทียบกับช่วงเวลาที่มีลูกค้ามากที่สุด,วันศุกร์
ci_180,โดยปกติแล้วเวลา 05:00 จะมีลูกค้าประมาณ 0% เทียบกับช่วงเวลาที่มีลูกค้ามากที่สุด,วันเสาร์
ci_180,โดยปกติแล้วเวลา 06:00 จะมีลูกค้าประมาณ 5% เทียบกับช่วงเวลาที่มีลูกค้ามากที่สุด,วันเสาร์
ci_180,โดยปกติแล้วเวลา 07:00 จะมีลูกค้าประมาณ 17% เทียบกับช่วงเวลาที่มีลูกค้ามากที่สุด,วันเสาร์
ci_180,โดยปกติแล้วเวลา 08:00 จะมีลูกค้าประมาณ 23% เทียบกับช่วงเวลาที่มีลูกค้ามากที่สุด,วันเสาร์
ci_180,โดยปกติแล้วเวลา 09:00 จะมีลูกค้าประมาณ 29% เทียบกับช่วงเวลาที่มีลูกค้ามากที่สุด,วันเสาร์
ci_180,โดยปกติแล้วเวลา 10:00 จะมีลูกค้าประมาณ 52% เทียบกับช่วงเวลาที่มีลูกค้ามากที่สุด,วันเสาร์
ci_180,โดยปกติแล้วเวลา 11:00 จะมีลูกค้าประมาณ 58% เทียบกับช่วงเวลาที่มีลูกค้ามากที่สุด,วันเสาร์
ci_180,โดยปกติแล้วเวลา 12:00 จะมีลูกค้าประมาณ 52% เทียบกับช่วงเวลาที่มีลูกค้ามากที่สุด,วันเสาร์
ci_180,โดยปกติแล้วเวลา 13:00 จะมีลูกค้าประมาณ 52% เทียบกับช่วงเวลาที่มีลูกค้ามากที่สุด,วันเสาร์
ci_180,โดยปกติแล้วเวลา 14:00 จะมีลูกค้าประมาณ 41% เทียบกับช่วงเวลาที่มีลูกค้ามากที่สุด,วันเสาร์
ci_180,โดยปกติแล้วเวลา 15:00 จะมีลูกค้าประมาณ 47% เทียบกับช่วงเวลาที่มีลูกค้ามากที่สุด,วันเสาร์
ci_180,โดยปกติแล้วเวลา 16:00 จะมีลูกค้าประมาณ 58% เทียบกับช่วงเวลาที่มีลูกค้ามากที่สุด,วันเสาร์
ci_180,โดยปกติแล้วเวลา 17:00 จะมีลูกค้าประมาณ 52% เทียบกับช่วงเวลาที่มีลูกค้ามากที่สุด,วันเสาร์
ci_180,โดยปกติแล้วเวลา 18:00 จะมีลูกค้าประมาณ 0% เทียบกับช่วงเวลาที่มีลูกค้ามากที่สุด,วันเสาร์
ci_180,โดยปกติแล้วเวลา 19:00 จะมีลูกค้าประมาณ 0% เทียบกับช่วงเวลาที่มีลูกค้ามากที่สุด,วันเสาร์
ci_180,โดยปกติแล้วเวลา 20:00 จะมีลูกค้าประมาณ 0% เทียบกับช่วงเวลาที่มีลูกค้ามากที่สุด,วันเสาร์
ci_180,โดยปกติแล้วเวลา 21:00 จะมีลูกค้าประมาณ 0% เทียบกับช่วงเวลาที่มีลูกค้ามากที่สุด,วันเสาร์
,,
,,
ci_183,โดยปกติแล้วเวลา 06:00 จะมีลูกค้าประมาณ 0% เทียบกับช่วงเวลาที่มีลูกค้ามากที่สุด,วันอาทิตย์
ci_183,โดยปกติแล้วเวลา 07:00 จะมีลูกค้าประมาณ 78% เทียบกับช่วงเวลาที่มีลูกค้ามากที่สุด,วันอาทิตย์
ci_183,โดยปกติแล้วเวลา 08:00 จะมีลูกค้าประมาณ 87% เทียบกับช่วงเวลาที่มีลูกค้ามากที่สุด,วันอาทิตย์
ci_183,โดยปกติแล้วเวลา 09:00 จะมีลูกค้าประมาณ 60% เทียบกับช่วงเวลาที่มีลูกค้ามากที่สุด,วันอาทิตย์
ci_183,โดยปกติแล้วเวลา 10:00 จะมีลูกค้าประมาณ 57% เทียบกับช่วงเวลาที่มีลูกค้ามากที่สุด,วันอาทิตย์
ci_183,โดยปกติแล้วเวลา 11:00 จะมีลูกค้าประมาณ 45% เทียบกับช่วงเวลาที่มีลูกค้ามากที่สุด,วันอาทิตย์
ci_183,โดยปกติแล้วเวลา 12:00 จะมีลูกค้าประมาณ 54% เทียบกับช่วงเวลาที่มีลูกค้ามากที่สุด,วันอาทิตย์
ci_183,โดยปกติแล้วเวลา 13:00 จะมีลูกค้าประมาณ 48% เทียบกับช่วงเวลาที่มีลูกค้ามากที่สุด,วันอาทิตย์
ci_183,โดยปกติแล้วเวลา 14:00 จะมีลูกค้าประมาณ 39% เทียบกับช่วงเวลาที่มีลูกค้ามากที่สุด,วันอาทิตย์
ci_183,โดยปกติแล้วเวลา 15:00 จะมีลูกค้าประมาณ 45% เทียบกับช่วงเวลาที่มีลูกค้ามากที่สุด,วันอาทิตย์
ci_183,โดยปกติแล้วเวลา 16:00 จะมีลูกค้าประมาณ 60% เทียบกับช่วงเวลาที่มีลูกค้ามากที่สุด,วันอาทิตย์
ci_183,โดยปกติแล้วเวลา 17:00 จะมีลูกค้าประมาณ 72% เทียบกับช่วงเวลาที่มีลูกค้ามากที่สุด,วันอาทิตย์
ci_183,โดยปกติแล้วเวลา 18:00 จะมีลูกค้าประมาณ 66% เทียบกับช่วงเวลาที่มีลูกค้ามากที่สุด,วันอาทิตย์
ci_183,โดยปกติแล้วเวลา 19:00 จะมีลูกค้าประมาณ 0% เทียบกับช่วงเวลาที่มีลูกค้ามากที่สุด,วันอาทิตย์
ci_183,โดยปกติแล้วเวลา 20:00 จะมีลูกค้าประมาณ 0% เทียบกับช่วงเวลาที่มีลูกค้ามากที่สุด,วันอาทิตย์
ci_183,โดยปกติแล้วเวลา 21:00 จะมีลูกค้าประมาณ 0% เทียบกับช่วงเวลาที่มีลูกค้ามากที่สุด,วันอาทิตย์
ci_183,โดยปกติแล้วเวลา 22:00 จะมีลูกค้าประมาณ 0% เทียบกับช่วงเวลาที่มีลูกค้ามากที่สุด,วันอาทิตย์
ci_183,โดยปกติแล้วเวลา 23:00 จะมีลูกค้าประมาณ 0% เทียบกับช่วงเวลาที่มีลูกค้ามากที่สุด,วันอาทิตย์
ci_183,โดยปกติแล้วเวลา 05:00 จะมีลูกค้าประมาณ 0% เทียบกับช่วงเวลาที่มีลูกค้ามากที่สุด,วันจันทร์
ci_183,โดยปกติแล้วเวลา 06:00 จะมีลูกค้าประมาณ 45% เทียบกับช่วงเวลาที่มีลูกค้ามากที่สุด,วันจันทร์
ci_183,โดยปกติแล้วเวลา 07:00 จะมีลูกค้าประมาณ 48% เทียบกับช่วงเวลาที่มีลูกค้ามากที่สุด,วันจันทร์
ci_183,โดยปกติแล้วเวลา 08:00 จะมีลูกค้าประมาณ 72% เทียบกับช่วงเวลาที่มีลูกค้ามากที่สุด,วันจันทร์
ci_183,โดยปกติแล้วเวลา 09:00 จะมีลูกค้าประมาณ 66% เทียบกับช่วงเวลาที่มีลูกค้ามากที่สุด,วันจันทร์
ci_183,โดยปกติแล้วเวลา 10:00 จะมีลูกค้าประมาณ 48% เทียบกับช่วงเวลาที่มีลูกค้ามากที่สุด,วันจันทร์
ci_183,โดยปกติแล้วเวลา 11:00 จะมีลูกค้าประมาณ 48% เทียบกับช่วงเวลาที่มีลูกค้ามากที่สุด,วันจันทร์
ci_183,โดยปกติแล้วเวลา 12:00 จะมีลูกค้าประมาณ 42% เทียบกับช่วงเวลาที่มีลูกค้ามากที่สุด,วันจันทร์
ci_183,โดยปกติแล้วเวลา 13:00 จะมีลูกค้าประมาณ 51% เทียบกับช่วงเวลาที่มีลูกค้ามากที่สุด,วันจันทร์
ci_183,โดยปกติแล้วเวลา 14:00 จะมีลูกค้าประมาณ 51% เทียบกับช่วงเวลาที่มีลูกค้ามากที่สุด,วันจันทร์
ci_183,โดยปกติแล้วเวลา 15:00 จะมีลูกค้าประมาณ 60% เทียบกับช่วงเวลาที่มีลูกค้ามากที่สุด,วันจันทร์
ci_183,โดยปกติแล้วเวลา 16:00 จะมีลูกค้าประมาณ 45% เทียบกับช่วงเวลาที่มีลูกค้ามากที่สุด,วันจันทร์
ci_183,โดยปกติแล้วเวลา 17:00 จะมีลูกค้าประมาณ 63% เทียบกับช่วงเวลาที่มีลูกค้ามากที่สุด,วันจันทร์
ci_183,โดยปกติแล้วเวลา 18:00 จะมีลูกค้าประมาณ 72% เทียบกับช่วงเวลาที่มีลูกค้ามากที่สุด,วันจันทร์
ci_183,โดยปกติแล้วเวลา 19:00 จะมีลูกค้าประมาณ 0% เทียบกับช่วงเวลาที่มีลูกค้ามากที่สุด,วันจันทร์
ci_183,โดยปกติแล้วเวลา 20:00 จะมีลูกค้าประมาณ 0% เทียบกับช่วงเวลาที่มีลูกค้ามากที่สุด,วันจันทร์
ci_183,โดยปกติแล้วเวลา 21:00 จะมีลูกค้าประมาณ 0% เทียบกับช่วงเวลาที่มีลูกค้ามากที่สุด,วันจันทร์
ci_183,โดยปกติแล้วเวลา 22:00 จะมีลูกค้าประมาณ 0% เทียบกับช่วงเวลาที่มีลูกค้ามากที่สุด,วันจันทร์
ci_183,โดยปกติแล้วเวลา 05:00 จะมีลูกค้าประมาณ 0% เทียบกับช่วงเวลาที่มีลูกค้ามากที่สุด,วันอังคาร
ci_183,โดยปกติแล้วเวลา 06:00 จะมีลูกค้าประมาณ 72% เทียบกับช่วงเวลาที่มีลูกค้ามากที่สุด,วันอังคาร
ci_183,โดยปกติแล้วเวลา 07:00 จะมีลูกค้าประมาณ 93% เทียบกับช่วงเวลาที่มีลูกค้ามากที่สุด,วันอังคาร
ci_183,โดยปกติแล้วเวลา 08:00 จะมีลูกค้าประมาณ 93% เทียบกับช่วงเวลาที่มีลูกค้ามากที่สุด,วันอังคาร
ci_183,โดยปกติแล้วเวลา 09:00 จะมีลูกค้าประมาณ 78% เทียบกับช่วงเวลาที่มีลูกค้ามากที่สุด,วันอังคาร
ci_183,โดยปกติแล้วเวลา 10:00 จะมีลูกค้าประมาณ 69% เทียบกับช่วงเวลาที่มีลูกค้ามากที่สุด,วันอังคาร
ci_183,โดยปกติแล้วเวลา 11:00 จะมีลูกค้าประมาณ 87% เทียบกับช่วงเวลาที่มีลูกค้ามากที่สุด,วันอังคาร
ci_183,โดยปกติแล้วเวลา 12:00 จะมีลูกค้าประมาณ 90% เทียบกับช่วงเวลาที่มีลูกค้ามากที่สุด,วันอังคาร
ci_183,โดยปกติแล้วเวลา 13:00 จะมีลูกค้าประมาณ 100% เทียบกับช่วงเวลาที่มีลูกค้ามากที่สุด,วันอังคาร
ci_183,โดยปกติแล้วเวลา 14:00 จะมีลูกค้าประมาณ 69% เทียบกับช่วงเวลาที่มีลูกค้ามากที่สุด,วันอังคาร
ci_183,โดยปกติแล้วเวลา 15:00 จะมีลูกค้าประมาณ 48% เทียบกับช่วงเวลาที่มีลูกค้ามากที่สุด,วันอังคาร
ci_183,โดยปกติแล้วเวลา 16:00 จะมีลูกค้าประมาณ 39% เทียบกับช่วงเวลาที่มีลูกค้ามากที่สุด,วันอังคาร
ci_183,โดยปกติแล้วเวลา 17:00 จะมีลูกค้าประมาณ 48% เทียบกับช่วงเวลาที่มีลูกค้ามากที่สุด,วันอังคาร
ci_183,โดยปกติแล้วเวลา 18:00 จะมีลูกค้าประมาณ 66% เทียบกับช่วงเวลาที่มีลูกค้ามากที่สุด,วันอังคาร
ci_183,โดยปกติแล้วเวลา 19:00 จะมีลูกค้าประมาณ 0% เทียบกับช่วงเวลาที่มีลูกค้ามากที่สุด,วันอังคาร
ci_183,โดยปกติแล้วเวลา 20:00 จะมีลูกค้าประมาณ 0% เทียบกับช่วงเวลาที่มีลูกค้ามากที่สุด,วันอังคาร
ci_183,โดยปกติแล้วเวลา 21:00 จะมีลูกค้าประมาณ 0% เทียบกับช่วงเวลาที่มีลูกค้ามากที่สุด,วันอังคาร
ci_183,โดยปกติแล้วเวลา 22:00 จะมีลูกค้าประมาณ 0% เทียบกับช่วงเวลาที่มีลูกค้ามากที่สุด,วันอังคาร
ci_183,โดยปกติแล้วเวลา 05:00 จะมีลูกค้าประมาณ 0% เทียบกับช่วงเวลาที่มีลูกค้ามากที่สุด,วันพุธ
ci_183,โดยปกติแล้วเวลา 06:00 จะมีลูกค้าประมาณ 84% เทียบกับช่วงเวลาที่มีลูกค้ามากที่สุด,วันพุธ
ci_183,โดยปกติแล้วเวลา 07:00 จะมีลูกค้าประมาณ 84% เทียบกับช่วงเวลาที่มีลูกค้ามากที่สุด,วันพุธ
ci_183,โดยปกติแล้วเวลา 08:00 จะมีลูกค้าประมาณ 78% เทียบกับช่วงเวลาที่มีลูกค้ามากที่สุด,วันพุธ
ci_183,โดยปกติแล้วเวลา 09:00 จะมีลูกค้าประมาณ 57% เทียบกับช่วงเวลาที่มีลูกค้ามากที่สุด,วันพุธ
ci_183,โดยปกติแล้วเวลา 10:00 จะมีลูกค้าประมาณ 66% เทียบกับช่วงเวลาที่มีลูกค้ามากที่สุด,วันพุธ
ci_183,โดยปกติแล้วเวลา 11:00 จะมีลูกค้าประมาณ 78% เทียบกับช่วงเวลาที่มีลูกค้ามากที่สุด,วันพุธ
ci_183,โดยปกติแล้วเวลา 12:00 จะมีลูกค้าประมาณ 57% เทียบกับช่วงเวลาที่มีลูกค้ามากที่สุด,วันพุธ
ci_183,โดยปกติแล้วเวลา 13:00 จะมีลูกค้าประมาณ 51% เทียบกับช่วงเวลาที่มีลูกค้ามากที่สุด,วันพุธ
ci_183,โดยปกติแล้วเวลา 14:00 จะมีลูกค้าประมาณ 51% เทียบกับช่วงเวลาที่มีลูกค้ามากที่สุด,วันพุธ
ci_183,โดยปกติแล้วเวลา 15:00 จะมีลูกค้าประมาณ 72% เทียบกับช่วงเวลาที่มีลูกค้ามากที่สุด,วันพุธ
ci_183,โดยปกติแล้วเวลา 16:00 จะมีลูกค้าประมาณ 63% เทียบกับช่วงเวลาที่มีลูกค้ามากที่สุด,วันพุธ
ci_183,โดยปกติแล้วเวลา 17:00 จะมีลูกค้าประมาณ 75% เทียบกับช่วงเวลาที่มีลูกค้ามากที่สุด,วันพุธ
ci_183,โดยปกติแล้วเวลา 18:00 จะมีลูกค้าประมาณ 69% เทียบกับช่วงเวลาที่มีลูกค้ามากที่สุด,วันพุธ
ci_183,โดยปกติแล้วเวลา 19:00 จะมีลูกค้าประมาณ 0% เทียบกับช่วงเวลาที่มีลูกค้ามากที่สุด,วันพุธ
ci_183,โดยปกติแล้วเวลา 20:00 จะมีลูกค้าประมาณ 0% เทียบกับช่วงเวลาที่มีลูกค้ามากที่สุด,วันพุธ
ci_183,โดยปกติแล้วเวลา 21:00 จะมีลูกค้าประมาณ 0% เทียบกับช่วงเวลาที่มีลูกค้ามากที่สุด,วันพุธ
ci_183,โดยปกติแล้วเวลา 22:00 จะมีลูกค้าประมาณ 0% เทียบกับช่วงเวลาที่มีลูกค้ามากที่สุด,วันพุธ
ci_183,โดยปกติแล้วเวลา 05:00 จะมีลูกค้าประมาณ 0% เทียบกับช่วงเวลาที่มีลูกค้ามากที่สุด,วันพฤหัสบดี
ci_183,โดยปกติแล้วเวลา 06:00 จะมีลูกค้าประมาณ 69% เทียบกับช่วงเวลาที่มีลูกค้ามากที่สุด,วันพฤหัสบดี
ci_183,โดยปกติแล้วเวลา 07:00 จะมีลูกค้าประมาณ 66% เทียบกับช่วงเวลาที่มีลูกค้ามากที่สุด,วันพฤหัสบดี
ci_183,โดยปกติแล้วเวลา 08:00 จะมีลูกค้าประมาณ 54% เทียบกับช่วงเวลาที่มีลูกค้ามากที่สุด,วันพฤหัสบดี
ci_183,โดยปกติแล้วเวลา 09:00 จะมีลูกค้าประมาณ 45% เทียบกับช่วงเวลาที่มีลูกค้ามากที่สุด,วันพฤหัสบดี
ci_183,โดยปกติแล้วเวลา 10:00 จะมีลูกค้าประมาณ 48% เทียบกับช่วงเวลาที่มีลูกค้ามากที่สุด,วันพฤหัสบดี
ci_183,โดยปกติแล้วเวลา 11:00 จะมีลูกค้าประมาณ 39% เทียบกับช่วงเวลาที่มีลูกค้ามากที่สุด,วันพฤหัสบดี
ci_183,โดยปกติแล้วเวลา 12:00 จะมีลูกค้าประมาณ 51% เทียบกับช่วงเวลาที่มีลูกค้ามากที่สุด,วันพฤหัสบดี
ci_183,โดยปกติแล้วเวลา 13:00 จะมีลูกค้าประมาณ 42% เทียบกับช่วงเวลาที่มีลูกค้ามากที่สุด,วันพฤหัสบดี
ci_183,โดยปกติแล้วเวลา 14:00 จะมีลูกค้าประมาณ 42% เทียบกับช่วงเวลาที่มีลูกค้ามากที่สุด,วันพฤหัสบดี
ci_183,โดยปกติแล้วเวลา 15:00 จะมีลูกค้าประมาณ 57% เทียบกับช่วงเวลาที่มีลูกค้ามากที่สุด,วันพฤหัสบดี
ci_183,โดยปกติแล้วเวลา 16:00 จะมีลูกค้าประมาณ 63% เทียบกับช่วงเวลาที่มีลูกค้ามากที่สุด,วันพฤหัสบดี
ci_183,โดยปกติแล้วเวลา 17:00 จะมีลูกค้าประมาณ 63% เทียบกับช่วงเวลาที่มีลูกค้ามากที่สุด,วันพฤหัสบดี
ci_183,โดยปกติแล้วเวลา 18:00 จะมีลูกค้าประมาณ 54% เทียบกับช่วงเวลาที่มีลูกค้ามากที่สุด,วันพฤหัสบดี
ci_183,โดยปกติแล้วเวลา 19:00 จะมีลูกค้าประมาณ 0% เทียบกับช่วงเวลาที่มีลูกค้ามากที่สุด,วันพฤหัสบดี
ci_183,โดยปกติแล้วเวลา 20:00 จะมีลูกค้าประมาณ 0% เทียบกับช่วงเวลาที่มีลูกค้ามากที่สุด,วันพฤหัสบดี
ci_183,โดยปกติแล้วเวลา 21:00 จะมีลูกค้าประมาณ 0% เทียบกับช่วงเวลาที่มีลูกค้ามากที่สุด,วันพฤหัสบดี
ci_183,โดยปกติแล้วเวลา 22:00 จะมีลูกค้าประมาณ 0% เทียบกับช่วงเวลาที่มีลูกค้ามากที่สุด,วันพฤหัสบดี
ci_183,โดยปกติแล้วเวลา 05:00 จะมีลูกค้าประมาณ 0% เทียบกับช่วงเวลาที่มีลูกค้ามากที่สุด,วันศุกร์
ci_183,โดยปกติแล้วเวลา 06:00 จะมีลูกค้าประมาณ 75% เทียบกับช่วงเวลาที่มีลูกค้ามากที่สุด,วันศุกร์
ci_183,โดยปกติแล้วเวลา 07:00 จะมีลูกค้าประมาณ 81% เทียบกับช่วงเวลาที่มีลูกค้ามากที่สุด,วันศุกร์
ci_183,โดยปกติแล้วเวลา 08:00 จะมีลูกค้าประมาณ 54% เทียบกับช่วงเวลาที่มีลูกค้ามากที่สุด,วันศุกร์
ci_183,โดยปกติแล้วเวลา 09:00 จะมีลูกค้าประมาณ 45% เทียบกับช่วงเวลาที่มีลูกค้ามากที่สุด,วันศุกร์
ci_183,โดยปกติแล้วเวลา 10:00 จะมีลูกค้าประมาณ 36% เทียบกับช่วงเวลาที่มีลูกค้ามากที่สุด,วันศุกร์
ci_183,โดยปกติแล้วเวลา 11:00 จะมีลูกค้าประมาณ 48% เทียบกับช่วงเวลาที่มีลูกค้ามากที่สุด,วันศุกร์
ci_183,โดยปกติแล้วเวลา 12:00 จะมีลูกค้าประมาณ 42% เทียบกับช่วงเวลาที่มีลูกค้ามากที่สุด,วันศุกร์
ci_183,โดยปกติแล้วเวลา 13:00 จะมีลูกค้าประมาณ 60% เทียบกับช่วงเวลาที่มีลูกค้ามากที่สุด,วันศุกร์
ci_183,โดยปกติแล้วเวลา 14:00 จะมีลูกค้าประมาณ 48% เทียบกับช่วงเวลาที่มีลูกค้ามากที่สุด,วันศุกร์
ci_183,โดยปกติแล้วเวลา 15:00 จะมีลูกค้าประมาณ 57% เทียบกับช่วงเวลาที่มีลูกค้ามากที่สุด,วันศุกร์
ci_183,โดยปกติแล้วเวลา 16:00 จะมีลูกค้าประมาณ 60% เทียบกับช่วงเวลาที่มีลูกค้ามากที่สุด,วันศุกร์
ci_183,โดยปกติแล้วเวลา 17:00 จะมีลูกค้าประมาณ 51% เทียบกับช่วงเวลาที่มีลูกค้ามากที่สุด,วันศุกร์
ci_183,โดยปกติแล้วเวลา 18:00 จะมีลูกค้าประมาณ 51% เทียบกับช่วงเวลาที่มีลูกค้ามากที่สุด,วันศุกร์
ci_183,โดยปกติแล้วเวลา 19:00 จะมีลูกค้าประมาณ 0% เทียบกับช่วงเวลาที่มีลูกค้ามากที่สุด,วันศุกร์
ci_183,โดยปกติแล้วเวลา 20:00 จะมีลูกค้าประมาณ 0% เทียบกับช่วงเวลาที่มีลูกค้ามากที่สุด,วันศุกร์
ci_183,โดยปกติแล้วเวลา 21:00 จะมีลูกค้าประมาณ 0% เทียบกับช่วงเวลาที่มีลูกค้ามากที่สุด,วันศุกร์
ci_183,โดยปกติแล้วเวลา 22:00 จะมีลูกค้าประมาณ 0% เทียบกับช่วงเวลาที่มีลูกค้ามากที่สุด,วันศุกร์
ci_183,โดยปกติแล้วเวลา 06:00 จะมีลูกค้าประมาณ 0% เทียบกับช่วงเวลาที่มีลูกค้ามากที่สุด,วันเสาร์
ci_183,โดยปกติแล้วเวลา 07:00 จะมีลูกค้าประมาณ 69% เทียบกับช่วงเวลาที่มีลูกค้ามากที่สุด,วันเสาร์
ci_183,โดยปกติแล้วเวลา 08:00 จะมีลูกค้าประมาณ 69% เทียบกับช่วงเวลาที่มีลูกค้ามากที่สุด,วันเสาร์
ci_183,โดยปกติแล้วเวลา 09:00 จะมีลูกค้าประมาณ 69% เทียบกับช่วงเวลาที่มีลูกค้ามากที่สุด,วันเสาร์
ci_183,โดยปกติแล้วเวลา 10:00 จะมีลูกค้าประมาณ 63% เทียบกับช่วงเวลาที่มีลูกค้ามากที่สุด,วันเสาร์
ci_183,โดยปกติแล้วเวลา 11:00 จะมีลูกค้าประมาณ 63% เทียบกับช่วงเวลาที่มีลูกค้ามากที่สุด,วันเสาร์
ci_183,โดยปกติแล้วเวลา 12:00 จะมีลูกค้าประมาณ 39% เทียบกับช่วงเวลาที่มีลูกค้ามากที่สุด,วันเสาร์
ci_183,โดยปกติแล้วเวลา 13:00 จะมีลูกค้าประมาณ 39% เทียบกับช่วงเวลาที่มีลูกค้ามากที่สุด,วันเสาร์
ci_183,โดยปกติแล้วเวลา 14:00 จะมีลูกค้าประมาณ 42% เทียบกับช่วงเวลาที่มีลูกค้ามากที่สุด,วันเสาร์
ci_183,โดยปกติแล้วเวลา 15:00 จะมีลูกค้าประมาณ 75% เทียบกับช่วงเวลาที่มีลูกค้ามากที่สุด,วันเสาร์
ci_183,ปัจจุบันมีลูกค้าประมาณ 3% เทียบกับช่วงเวลาที่มีลูกค้ามากที่สุด โดยปกติแล้วจะมีลูกค้าประมาณ 81%,วันเสาร์
ci_183,โดยปกติแล้วเวลา 17:00 จะมีลูกค้าประมาณ 90% เทียบกับช่วงเวลาที่มีลูกค้ามากที่สุด,วันเสาร์
ci_183,โดยปกติแล้วเวลา 18:00 จะมีลูกค้าประมาณ 63% เทียบกับช่วงเวลาที่มีลูกค้ามากที่สุด,วันเสาร์
ci_183,โดยปกติแล้วเวลา 19:00 จะมีลูกค้าประมาณ 0% เทียบกับช่วงเวลาที่มีลูกค้ามากที่สุด,วันเสาร์
ci_183,โดยปกติแล้วเวลา 20:00 จะมีลูกค้าประมาณ 0% เทียบกับช่วงเวลาที่มีลูกค้ามากที่สุด,วันเสาร์
ci_183,โดยปกติแล้วเวลา 21:00 จะมีลูกค้าประมาณ 0% เทียบกับช่วงเวลาที่มีลูกค้ามากที่สุด,วันเสาร์
ci_183,โดยปกติแล้วเวลา 22:00 จะมีลูกค้าประมาณ 0% เทียบกับช่วงเวลาที่มีลูกค้ามากที่สุด,วันเสาร์
ci_184,โดยปกติแล้วเวลา 06:00 จะมีลูกค้าประมาณ 0% เทียบกับช่วงเวลาที่มีลูกค้ามากที่สุด,วันอาทิตย์
ci_184,โดยปกติแล้วเวลา 07:00 จะมีลูกค้าประมาณ 69% เทียบกับช่วงเวลาที่มีลูกค้ามากที่สุด,วันอาทิตย์
ci_184,โดยปกติแล้วเวลา 08:00 จะมีลูกค้าประมาณ 76% เทียบกับช่วงเวลาที่มีลูกค้ามากที่สุด,วันอาทิตย์
ci_184,โดยปกติแล้วเวลา 09:00 จะมีลูกค้าประมาณ 76% เทียบกับช่วงเวลาที่มีลูกค้ามากที่สุด,วันอาทิตย์
ci_184,โดยปกติแล้วเวลา 10:00 จะมีลูกค้าประมาณ 76% เทียบกับช่วงเวลาที่มีลูกค้ามากที่สุด,วันอาทิตย์
ci_184,โดยปกติแล้วเวลา 11:00 จะมีลูกค้าประมาณ 61% เทียบกับช่วงเวลาที่มีลูกค้ามากที่สุด,วันอาทิตย์
ci_184,โดยปกติแล้วเวลา 12:00 จะมีลูกค้าประมาณ 61% เทียบกับช่วงเวลาที่มีลูกค้ามากที่สุด,วันอาทิตย์
ci_184,โดยปกติแล้วเวลา 13:00 จะมีลูกค้าประมาณ 61% เทียบกับช่วงเวลาที่มีลูกค้ามากที่สุด,วันอาทิตย์
ci_184,โดยปกติแล้วเวลา 14:00 จะมีลูกค้าประมาณ 76% เทียบกับช่วงเวลาที่มีลูกค้ามากที่สุด,วันอาทิตย์
ci_184,โดยปกติแล้วเวลา 15:00 จะมีลูกค้าประมาณ 100% เทียบกับช่วงเวลาที่มีลูกค้ามากที่สุด,วันอาทิตย์
ci_184,โดยปกติแล้วเวลา 16:00 จะมีลูกค้าประมาณ 100% เทียบกับช่วงเวลาที่มีลูกค้ามากที่สุด,วันอาทิตย์
ci_184,โดยปกติแล้วเวลา 17:00 จะมีลูกค้าประมาณ 84% เทียบกับช่วงเวลาที่มีลูกค้ามากที่สุด,วันอาทิตย์
ci_184,โดยปกติแล้วเวลา 18:00 จะมีลูกค้าประมาณ 76% เทียบกับช่วงเวลาที่มีลูกค้ามากที่สุด,วันอาทิตย์
ci_184,โดยปกติแล้วเวลา 19:00 จะมีลูกค้าประมาณ 76% เทียบกับช่วงเวลาที่มีลูกค้ามากที่สุด,วันอาทิตย์
ci_184,โดยปกติแล้วเวลา 20:00 จะมีลูกค้าประมาณ 0% เทียบกับช่วงเวลาที่มีลูกค้ามากที่สุด,วันอาทิตย์
ci_184,โดยปกติแล้วเวลา 21:00 จะมีลูกค้าประมาณ 0% เทียบกับช่วงเวลาที่มีลูกค้ามากที่สุด,วันอาทิตย์
ci_184,โดยปกติแล้วเวลา 22:00 จะมีลูกค้าประมาณ 0% เทียบกับช่วงเวลาที่มีลูกค้ามากที่สุด,วันอาทิตย์
ci_184,โดยปกติแล้วเวลา 23:00 จะมีลูกค้าประมาณ 0% เทียบกับช่วงเวลาที่มีลูกค้ามากที่สุด,วันอาทิตย์
ci_184,โดยปกติแล้วเวลา 06:00 จะมีลูกค้าประมาณ 0% เทียบกับช่วงเวลาที่มีลูกค้ามากที่สุด,วันจันทร์
ci_184,โดยปกติแล้วเวลา 07:00 จะมีลูกค้าประมาณ 61% เทียบกับช่วงเวลาที่มีลูกค้ามากที่สุด,วันจันทร์
ci_184,โดยปกติแล้วเวลา 08:00 จะมีลูกค้าประมาณ 30% เทียบกับช่วงเวลาที่มีลูกค้ามากที่สุด,วันจันทร์
ci_184,โดยปกติแล้วเวลา 09:00 จะมีลูกค้าประมาณ 23% เทียบกับช่วงเวลาที่มีลูกค้ามากที่สุด,วันจันทร์
ci_184,โดยปกติแล้วเวลา 10:00 จะมีลูกค้าประมาณ 46% เทียบกับช่วงเวลาที่มีลูกค้ามากที่สุด,วันจันทร์
ci_184,โดยปกติแล้วเวลา 11:00 จะมีลูกค้าประมาณ 38% เทียบกับช่วงเวลาที่มีลูกค้ามากที่สุด,วันจันทร์
ci_184,โดยปกติแล้วเวลา 12:00 จะมีลูกค้าประมาณ 53% เทียบกับช่วงเวลาที่มีลูกค้ามากที่สุด,วันจันทร์
ci_184,โดยปกติแล้วเวลา 13:00 จะมีลูกค้าประมาณ 53% เทียบกับช่วงเวลาที่มีลูกค้ามากที่สุด,วันจันทร์
ci_184,โดยปกติแล้วเวลา 14:00 จะมีลูกค้าประมาณ 53% เทียบกับช่วงเวลาที่มีลูกค้ามากที่สุด,วันจันทร์
ci_184,โดยปกติแล้วเวลา 15:00 จะมีลูกค้าประมาณ 23% เทียบกับช่วงเวลาที่มีลูกค้ามากที่สุด,วันจันทร์
ci_184,โดยปกติแล้วเวลา 16:00 จะมีลูกค้าประมาณ 15% เทียบกับช่วงเวลาที่มีลูกค้ามากที่สุด,วันจันทร์
ci_184,โดยปกติแล้วเวลา 17:00 จะมีลูกค้าประมาณ 15% เทียบกับช่วงเวลาที่มีลูกค้ามากที่สุด,วันจันทร์
ci_184,โดยปกติแล้วเวลา 18:00 จะมีลูกค้าประมาณ 38% เทียบกับช่วงเวลาที่มีลูกค้ามากที่สุด,วันจันทร์
ci_184,โดยปกติแล้วเวลา 19:00 จะมีลูกค้าประมาณ 38% เทียบกับช่วงเวลาที่มีลูกค้ามากที่สุด,วันจันทร์
ci_184,โดยปกติแล้วเวลา 20:00 จะมีลูกค้าประมาณ 0% เทียบกับช่วงเวลาที่มีลูกค้ามากที่สุด,วันจันทร์
ci_184,โดยปกติแล้วเวลา 21:00 จะมีลูกค้าประมาณ 0% เทียบกับช่วงเวลาที่มีลูกค้ามากที่สุด,วันจันทร์
ci_184,โดยปกติแล้วเวลา 22:00 จะมีลูกค้าประมาณ 0% เทียบกับช่วงเวลาที่มีลูกค้ามากที่สุด,วันจันทร์
ci_184,โดยปกติแล้วเวลา 23:00 จะมีลูกค้าประมาณ 0% เทียบกับช่วงเวลาที่มีลูกค้ามากที่สุด,วันจันทร์
ci_184,โดยปกติแล้วเวลา 06:00 จะมีลูกค้าประมาณ 0% เทียบกับช่วงเวลาที่มีลูกค้ามากที่สุด,วันอังคาร
ci_184,โดยปกติแล้วเวลา 07:00 จะมีลูกค้าประมาณ 46% เทียบกับช่วงเวลาที่มีลูกค้ามากที่สุด,วันอังคาร
ci_184,โดยปกติแล้วเวลา 08:00 จะมีลูกค้าประมาณ 53% เทียบกับช่วงเวลาที่มีลูกค้ามากที่สุด,วันอังคาร
ci_184,โดยปกติแล้วเวลา 09:00 จะมีลูกค้าประมาณ 46% เทียบกับช่วงเวลาที่มีลูกค้ามากที่สุด,วันอังคาร
ci_184,โดยปกติแล้วเวลา 10:00 จะมีลูกค้าประมาณ 46% เทียบกับช่วงเวลาที่มีลูกค้ามากที่สุด,วันอังคาร
ci_184,โดยปกติแล้วเวลา 11:00 จะมีลูกค้าประมาณ 46% เทียบกับช่วงเวลาที่มีลูกค้ามากที่สุด,วันอังคาร
ci_184,โดยปกติแล้วเวลา 12:00 จะมีลูกค้าประมาณ 53% เทียบกับช่วงเวลาที่มีลูกค้ามากที่สุด,วันอังคาร
ci_184,โดยปกติแล้วเวลา 13:00 จะมีลูกค้าประมาณ 38% เทียบกับช่วงเวลาที่มีลูกค้ามากที่สุด,วันอังคาร
ci_184,โดยปกติแล้วเวลา 14:00 จะมีลูกค้าประมาณ 15% เทียบกับช่วงเวลาที่มีลูกค้ามากที่สุด,วันอังคาร
ci_184,โดยปกติแล้วเวลา 15:00 จะมีลูกค้าประมาณ 30% เทียบกับช่วงเวลาที่มีลูกค้ามากที่สุด,วันอังคาร
ci_184,โดยปกติแล้วเวลา 16:00 จะมีลูกค้าประมาณ 38% เทียบกับช่วงเวลาที่มีลูกค้ามากที่สุด,วันอังคาร
ci_184,โดยปกติแล้วเวลา 17:00 จะมีลูกค้าประมาณ 76% เทียบกับช่วงเวลาที่มีลูกค้ามากที่สุด,วันอังคาร
ci_184,โดยปกติแล้วเวลา 18:00 จะมีลูกค้าประมาณ 69% เทียบกับช่วงเวลาที่มีลูกค้ามากที่สุด,วันอังคาร
ci_184,โดยปกติแล้วเวลา 19:00 จะมีลูกค้าประมาณ 61% เทียบกับช่วงเวลาที่มีลูกค้ามากที่สุด,วันอังคาร
ci_184,โดยปกติแล้วเวลา 20:00 จะมีลูกค้าประมาณ 0% เทียบกับช่วงเวลาที่มีลูกค้ามากที่สุด,วันอังคาร
ci_184,โดยปกติแล้วเวลา 21:00 จะมีลูกค้าประมาณ 0% เทียบกับช่วงเวลาที่มีลูกค้ามากที่สุด,วันอังคาร
ci_184,โดยปกติแล้วเวลา 22:00 จะมีลูกค้าประมาณ 0% เทียบกับช่วงเวลาที่มีลูกค้ามากที่สุด,วันอังคาร
ci_184,โดยปกติแล้วเวลา 23:00 จะมีลูกค้าประมาณ 0% เทียบกับช่วงเวลาที่มีลูกค้ามากที่สุด,วันอังคาร
ci_184,โดยปกติแล้วเวลา 06:00 จะมีลูกค้าประมาณ 0% เทียบกับช่วงเวลาที่มีลูกค้ามากที่สุด,วันพุธ
ci_184,โดยปกติแล้วเวลา 07:00 จะมีลูกค้าประมาณ 53% เทียบกับช่วงเวลาที่มีลูกค้ามากที่สุด,วันพุธ
ci_184,โดยปกติแล้วเวลา 08:00 จะมีลูกค้าประมาณ 53% เทียบกับช่วงเวลาที่มีลูกค้ามากที่สุด,วันพุธ
ci_184,โดยปกติแล้วเวลา 09:00 จะมีลูกค้าประมาณ 53% เทียบกับช่วงเวลาที่มีลูกค้ามากที่สุด,วันพุธ
ci_184,โดยปกติแล้วเวลา 10:00 จะมีลูกค้าประมาณ 69% เทียบกับช่วงเวลาที่มีลูกค้ามากที่สุด,วันพุธ
ci_184,โดยปกติแล้วเวลา 11:00 จะมีลูกค้าประมาณ 61% เทียบกับช่วงเวลาที่มีลูกค้ามากที่สุด,วันพุธ
ci_184,โดยปกติแล้วเวลา 12:00 จะมีลูกค้าประมาณ 69% เทียบกับช่วงเวลาที่มีลูกค้ามากที่สุด,วันพุธ
ci_184,โดยปกติแล้วเวลา 13:00 จะมีลูกค้าประมาณ 53% เทียบกับช่วงเวลาที่มีลูกค้ามากที่สุด,วันพุธ
ci_184,โดยปกติแล้วเวลา 14:00 จะมีลูกค้าประมาณ 61% เทียบกับช่วงเวลาที่มีลูกค้ามากที่สุด,วันพุธ
ci_184,โดยปกติแล้วเวลา 15:00 จะมีลูกค้าประมาณ 53% เทียบกับช่วงเวลาที่มีลูกค้ามากที่สุด,วันพุธ
ci_184,โดยปกติแล้วเวลา 16:00 จะมีลูกค้าประมาณ 76% เทียบกับช่วงเวลาที่มีลูกค้ามากที่สุด,วันพุธ
ci_184,โดยปกติแล้วเวลา 17:00 จะมีลูกค้าประมาณ 76% เทียบกับช่วงเวลาที่มีลูกค้ามากที่สุด,วันพุธ
ci_184,โดยปกติแล้วเวลา 18:00 จะมีลูกค้าประมาณ 53% เทียบกับช่วงเวลาที่มีลูกค้ามากที่สุด,วันพุธ
ci_184,โดยปกติแล้วเวลา 19:00 จะมีลูกค้าประมาณ 61% เทียบกับช่วงเวลาที่มีลูกค้ามากที่สุด,วันพุธ
ci_184,โดยปกติแล้วเวลา 20:00 จะมีลูกค้าประมาณ 0% เทียบกับช่วงเวลาที่มีลูกค้ามากที่สุด,วันพุธ
ci_184,โดยปกติแล้วเวลา 21:00 จะมีลูกค้าประมาณ 0% เทียบกับช่วงเวลาที่มีลูกค้ามากที่สุด,วันพุธ
ci_184,โดยปกติแล้วเวลา 22:00 จะมีลูกค้าประมาณ 0% เทียบกับช่วงเวลาที่มีลูกค้ามากที่สุด,วันพุธ
ci_184,โดยปกติแล้วเวลา 23:00 จะมีลูกค้าประมาณ 0% เทียบกับช่วงเวลาที่มีลูกค้ามากที่สุด,วันพุธ
ci_184,โดยปกติแล้วเวลา 06:00 จะมีลูกค้าประมาณ 0% เทียบกับช่วงเวลาที่มีลูกค้ามากที่สุด,วันพฤหัสบดี
ci_184,โดยปกติแล้วเวลา 07:00 จะมีลูกค้าประมาณ 46% เทียบกับช่วงเวลาที่มีลูกค้ามากที่สุด,วันพฤหัสบดี
ci_184,โดยปกติแล้วเวลา 08:00 จะมีลูกค้าประมาณ 38% เทียบกับช่วงเวลาที่มีลูกค้ามากที่สุด,วันพฤหัสบดี
ci_184,โดยปกติแล้วเวลา 09:00 จะมีลูกค้าประมาณ 46% เทียบกับช่วงเวลาที่มีลูกค้ามากที่สุด,วันพฤหัสบดี
ci_184,โดยปกติแล้วเวลา 10:00 จะมีลูกค้าประมาณ 53% เทียบกับช่วงเวลาที่มีลูกค้ามากที่สุด,วันพฤหัสบดี
ci_184,โดยปกติแล้วเวลา 11:00 จะมีลูกค้าประมาณ 53% เทียบกับช่วงเวลาที่มีลูกค้ามากที่สุด,วันพฤหัสบดี
ci_184,โดยปกติแล้วเวลา 12:00 จะมีลูกค้าประมาณ 53% เทียบกับช่วงเวลาที่มีลูกค้ามากที่สุด,วันพฤหัสบดี
ci_184,โดยปกติแล้วเวลา 13:00 จะมีลูกค้าประมาณ 46% เทียบกับช่วงเวลาที่มีลูกค้ามากที่สุด,วันพฤหัสบดี
ci_184,โดยปกติแล้วเวลา 14:00 จะมีลูกค้าประมาณ 53% เทียบกับช่วงเวลาที่มีลูกค้ามากที่สุด,วันพฤหัสบดี
ci_184,โดยปกติแล้วเวลา 15:00 จะมีลูกค้าประมาณ 53% เทียบกับช่วงเวลาที่มีลูกค้ามากที่สุด,วันพฤหัสบดี
ci_184,โดยปกติแล้วเวลา 16:00 จะมีลูกค้าประมาณ 69% เทียบกับช่วงเวลาที่มีลูกค้ามากที่สุด,วันพฤหัสบดี
ci_184,โดยปกติแล้วเวลา 17:00 จะมีลูกค้าประมาณ 30% เทียบกับช่วงเวลาที่มีลูกค้ามากที่สุด,วันพฤหัสบดี
ci_184,โดยปกติแล้วเวลา 18:00 จะมีลูกค้าประมาณ 15% เทียบกับช่วงเวลาที่มีลูกค้ามากที่สุด,วันพฤหัสบดี
ci_184,โดยปกติแล้วเวลา 19:00 จะมีลูกค้าประมาณ 0% เทียบกับช่วงเวลาที่มีลูกค้ามากที่สุด,วันพฤหัสบดี
ci_184,โดยปกติแล้วเวลา 20:00 จะมีลูกค้าประมาณ 0% เทียบกับช่วงเวลาที่มีลูกค้ามากที่สุด,วันพฤหัสบดี
ci_184,โดยปกติแล้วเวลา 21:00 จะมีลูกค้าประมาณ 0% เทียบกับช่วงเวลาที่มีลูกค้ามากที่สุด,วันพฤหัสบดี
ci_184,โดยปกติแล้วเวลา 22:00 จะมีลูกค้าประมาณ 0% เทียบกับช่วงเวลาที่มีลูกค้ามากที่สุด,วันพฤหัสบดี
ci_184,โดยปกติแล้วเวลา 23:00 จะมีลูกค้าประมาณ 0% เทียบกับช่วงเวลาที่มีลูกค้ามากที่สุด,วันพฤหัสบดี
ci_184,โดยปกติแล้วเวลา 06:00 จะมีลูกค้าประมาณ 0% เทียบกับช่วงเวลาที่มีลูกค้ามากที่สุด,วันศุกร์
ci_184,โดยปกติแล้วเวลา 07:00 จะมีลูกค้าประมาณ 53% เทียบกับช่วงเวลาที่มีลูกค้ามากที่สุด,วันศุกร์
ci_184,โดยปกติแล้วเวลา 08:00 จะมีลูกค้าประมาณ 53% เทียบกับช่วงเวลาที่มีลูกค้ามากที่สุด,วันศุกร์
ci_184,โดยปกติแล้วเวลา 09:00 จะมีลูกค้าประมาณ 76% เทียบกับช่วงเวลาที่มีลูกค้ามากที่สุด,วันศุกร์
ci_184,โดยปกติแล้วเวลา 10:00 จะมีลูกค้าประมาณ 100% เทียบกับช่วงเวลาที่มีลูกค้ามากที่สุด,วันศุกร์
ci_184,โดยปกติแล้วเวลา 11:00 จะมีลูกค้าประมาณ 69% เทียบกับช่วงเวลาที่มีลูกค้ามากที่สุด,วันศุกร์
ci_184,โดยปกติแล้วเวลา 12:00 จะมีลูกค้าประมาณ 53% เทียบกับช่วงเวลาที่มีลูกค้ามากที่สุด,วันศุกร์
ci_184,โดยปกติแล้วเวลา 13:00 จะมีลูกค้าประมาณ 53% เทียบกับช่วงเวลาที่มีลูกค้ามากที่สุด,วันศุกร์
ci_184,โดยปกติแล้วเวลา 14:00 จะมีลูกค้าประมาณ 69% เทียบกับช่วงเวลาที่มีลูกค้ามากที่สุด,วันศุกร์
ci_184,โดยปกติแล้วเวลา 15:00 จะมีลูกค้าประมาณ 61% เทียบกับช่วงเวลาที่มีลูกค้ามากที่สุด,วันศุกร์
ci_184,โดยปกติแล้วเวลา 16:00 จะมีลูกค้าประมาณ 38% เทียบกับช่วงเวลาที่มีลูกค้ามากที่สุด,วันศุกร์
ci_184,โดยปกติแล้วเวลา 17:00 จะมีลูกค้าประมาณ 53% เทียบกับช่วงเวลาที่มีลูกค้ามากที่สุด,วันศุกร์
ci_184,โดยปกติแล้วเวลา 18:00 จะมีลูกค้าประมาณ 46% เทียบกับช่วงเวลาที่มีลูกค้ามากที่สุด,วันศุกร์
ci_184,โดยปกติแล้วเวลา 19:00 จะมีลูกค้าประมาณ 46% เทียบกับช่วงเวลาที่มีลูกค้ามากที่สุด,วันศุกร์
ci_184,โดยปกติแล้วเวลา 20:00 จะมีลูกค้าประมาณ 0% เทียบกับช่วงเวลาที่มีลูกค้ามากที่สุด,วันศุกร์
ci_184,โดยปกติแล้วเวลา 21:00 จะมีลูกค้าประมาณ 0% เทียบกับช่วงเวลาที่มีลูกค้ามากที่สุด,วันศุกร์
ci_184,โดยปกติแล้วเวลา 22:00 จะมีลูกค้าประมาณ 0% เทียบกับช่วงเวลาที่มีลูกค้ามากที่สุด,วันศุกร์
ci_184,โดยปกติแล้วเวลา 23:00 จะมีลูกค้าประมาณ 0% เทียบกับช่วงเวลาที่มีลูกค้ามากที่สุด,วันศุกร์
ci_184,โดยปกติแล้วเวลา 06:00 จะมีลูกค้าประมาณ 0% เทียบกับช่วงเวลาที่มีลูกค้ามากที่สุด,วันเสาร์
ci_184,โดยปกติแล้วเวลา 07:00 จะมีลูกค้าประมาณ 76% เทียบกับช่วงเวลาที่มีลูกค้ามากที่สุด,วันเสาร์
ci_184,โดยปกติแล้วเวลา 08:00 จะมีลูกค้าประมาณ 69% เทียบกับช่วงเวลาที่มีลูกค้ามากที่สุด,วันเสาร์
ci_184,โดยปกติแล้วเวลา 09:00 จะมีลูกค้าประมาณ 61% เทียบกับช่วงเวลาที่มีลูกค้ามากที่สุด,วันเสาร์
ci_184,โดยปกติแล้วเวลา 10:00 จะมีลูกค้าประมาณ 53% เทียบกับช่วงเวลาที่มีลูกค้ามากที่สุด,วันเสาร์
ci_184,โดยปกติแล้วเวลา 11:00 จะมีลูกค้าประมาณ 46% เทียบกับช่วงเวลาที่มีลูกค้ามากที่สุด,วันเสาร์
ci_184,โดยปกติแล้วเวลา 12:00 จะมีลูกค้าประมาณ 46% เทียบกับช่วงเวลาที่มีลูกค้ามากที่สุด,วันเสาร์
ci_184,โดยปกติแล้วเวลา 13:00 จะมีลูกค้าประมาณ 30% เทียบกับช่วงเวลาที่มีลูกค้ามากที่สุด,วันเสาร์
ci_184,โดยปกติแล้วเวลา 14:00 จะมีลูกค้าประมาณ 38% เทียบกับช่วงเวลาที่มีลูกค้ามากที่สุด,วันเสาร์
ci_184,โดยปกติแล้วเวลา 15:00 จะมีลูกค้าประมาณ 38% เทียบกับช่วงเวลาที่มีลูกค้ามากที่สุด,วันเสาร์
ci_184,ปัจจุบันมีลูกค้าประมาณ 33% เทียบกับช่วงเวลาที่มีลูกค้ามากที่สุด โดยปกติแล้วจะมีลูกค้าประมาณ 69%,วันเสาร์
ci_184,โดยปกติแล้วเวลา 17:00 จะมีลูกค้าประมาณ 92% เทียบกับช่วงเวลาที่มีลูกค้ามากที่สุด,วันเสาร์
ci_184,โดยปกติแล้วเวลา 18:00 จะมีลูกค้าประมาณ 92% เทียบกับช่วงเวลาที่มีลูกค้ามากที่สุด,วันเสาร์
ci_184,โดยปกติแล้วเวลา 19:00 จะมีลูกค้าประมาณ 92% เทียบกับช่วงเวลาที่มีลูกค้ามากที่สุด,วันเสาร์
ci_184,โดยปกติแล้วเวลา 20:00 จะมีลูกค้าประมาณ 0% เทียบกับช่วงเวลาที่มีลูกค้ามากที่สุด,วันเสาร์
ci_184,โดยปกติแล้วเวลา 21:00 จะมีลูกค้าประมาณ 0% เทียบกับช่วงเวลาที่มีลูกค้ามากที่สุด,วันเสาร์
ci_184,โดยปกติแล้วเวลา 22:00 จะมีลูกค้าประมาณ 0% เทียบกับช่วงเวลาที่มีลูกค้ามากที่สุด,วันเสาร์
,,
,,
,,
,,
